-1.3  0  0.4277  0.6022 0.8925 0.000413844  5.81949e-09
-1.1  1816  0.3284  0.4523 0.5882 0.00690207  1.76406e-11
-0.9  16086  0.2434  0.3299 0.3584 0.0146151  4.82216e-12
-0.7  23670  0.1361  0.1711 0.2464 0.00280369  2.13041e-12
-0.5  106258  0.1032  0.1302 0.2473 0.00459621  9.67729e-13
-0.3  115288  0.0703  0.0881 0.2069 0.000256301  3.58466e-13
-0.1  265202  0.0639  0.0798 0.1774 0.000116273  1.7681e-13
0.1  328469  0.0541  0.0679 0.1359 5.92766e-05  1.73435e-13
0.3  429969  0.05  0.0653 0.1298 4.15667e-05  1.84083e-13
0.5  497144  0.0455  0.0591 0.1395 2.39153e-05  2.08126e-13
0.7  624509  0.0448  0.0595 0.1267 5.89895e-06  1.75712e-13
0.9  621274  0.039  0.0523 0.1129 5.96989e-07  2.44946e-13
1.1  759373  0.0418  0.0591 0.1416 4.56639e-06  3.423e-13
1.3  708770  0.0325  0.0444 0.0829 2.25251e-07  5.39364e-13
1.5  928915  0.096  0.1593 0.1631 2.89814e-06  6.52256e-13
1.7  1047435  0.0608  0.0949 0.1192 2.84046e-06  9.16791e-13
1.9  1110679  0.0699  0.107 0.1471 2.00051e-06  1.3698e-12
2.1  979945  0.0523  0.075 0.1504 3.21146e-06  2.46491e-12
2.3  925992  0.0454  0.0614 0.1125 1.54209e-07  4.12815e-12
2.5  753547  0.0409  0.0598 0.0942 1.8186e-08  8.03984e-12
2.7  740187  0.0371  0.0488 0.1078 5.55471e-08  1.29711e-11
2.9  650067  0.0249  0.0325 0.107 2.98892e-10  2.34129e-11
