-1.3  0  0.4277  0.6022 0.8925 0.000413844  2.26059e-08
-1.1  3552  0.361  0.5001 0.4778 0.0244712  5.28105e-11
-0.9  16086  0.2434  0.3299 0.3584 0.0146151  1.43624e-11
-0.7  23670  0.1361  0.1711 0.2464 0.00280369  7.22681e-12
-0.5  106258  0.1032  0.1302 0.2473 0.00459621  3.18037e-12
-0.3  142538  0.0751  0.0946 0.2099 0.000463484  1.45125e-12
-0.1  265202  0.0639  0.0798 0.1774 0.000116273  7.83968e-13
0.1  328469  0.0541  0.0679 0.1359 5.92766e-05  8.4026e-13
0.3  429969  0.05  0.0653 0.1298 4.15667e-05  9.38911e-13
0.5  554026  0.0493  0.0659 0.1529 3.7859e-05  1.13195e-12
0.7  716039  0.0541  0.0763 0.1612 4.07161e-05  1.4094e-12
0.9  747350  0.0467  0.0648 0.139 2.18318e-05  2.03599e-12
1.1  806083  0.0458  0.0654 0.1564 1.76214e-05  2.99131e-12
1.3  925923  0.1077  0.1821 0.1901 2.12632e-05  4.12879e-12
1.5  1081234  0.0967  0.1613 0.1517 3.21229e-05  5.61251e-12
1.7  1216220  0.0942  0.1493 0.14 1.38118e-05  7.89616e-12
1.9  1110679  0.0699  0.107 0.1471 2.00051e-06  1.3698e-11
2.1  990164  0.0523  0.075 0.1505 4.45689e-06  2.43597e-11
2.3  925992  0.0454  0.0614 0.1125 1.54209e-07  4.12815e-11
2.5  753547  0.0409  0.0598 0.0942 1.8186e-08  8.03984e-11
2.7  740187  0.0371  0.0488 0.1078 5.55471e-08  1.29711e-10
2.9  650067  0.0249  0.0325 0.107 2.98892e-10  2.34129e-10
