-1.3  1  0.4277  0.6022 0.8925 0.00242205  1.05644e-07
-1.1  3552  0.361  0.5001 0.4778 0.0244712  1.80752e-10
-0.9  16086  0.2434  0.3299 0.3584 0.0146151  5.07863e-11
-0.7  78965  0.1793  0.2301 0.2486 0.0411763  2.56989e-11
-0.5  106258  0.1032  0.1302 0.2473 0.00459621  1.22456e-11
-0.3  173264  0.0809  0.1022 0.2145 0.000842145  6.92624e-12
-0.1  300601  0.0668  0.0842 0.1887 0.000288822  5.06269e-12
0.1  436048  0.0666  0.0886 0.1557 0.000210652  5.53063e-12
0.3  570938  0.0618  0.0854 0.2284 0.000388849  6.97167e-12
0.5  737325  0.0672  0.0974 0.2663 0.000491604  9.00116e-12
0.7  835466  0.0764  0.118 0.2778 0.000245529  1.14941e-11
0.9  935824  0.0705  0.1123 0.2521 0.000251469  1.62657e-11
1.1  1001680  0.0792  0.1304 0.2751 0.000336372  2.43368e-11
1.3  1063281  0.0914  0.1549 0.2925 0.000216169  3.59491e-11
1.5  1105549  0.1077  0.1796 0.1686 0.000151807  5.47952e-11
1.7  1216220  0.0942  0.1493 0.14 1.38118e-05  7.89616e-11
1.9  1110679  0.0699  0.107 0.1471 2.00051e-06  1.3698e-10
2.1  990164  0.0523  0.075 0.1505 4.45689e-06  2.43597e-10
2.3  925992  0.0454  0.0614 0.1125 1.54209e-07  4.12815e-10
2.5  753547  0.0409  0.0598 0.0942 1.8186e-08  8.03984e-10
2.7  740187  0.0371  0.0488 0.1078 5.55471e-08  1.29711e-09
2.9  650067  0.0249  0.0325 0.107 2.98892e-10  2.34129e-09
