-1.7  82  0.3733  0.5138 0.5026 0.00865606  3.47435e-10
-1.5  3200  0.3225  0.4435 0.422 0.0756781  4.18815e-11
-1.3  11483  0.2219  0.2991 0.3638 0.0643768  1.69554e-11
-1.1  49088  0.1554  0.1916 0.2567 0.0891804  7.50911e-12
-0.9  59519  0.1081  0.1342 0.1993 0.0147351  3.89785e-12
-0.7  75147  0.083  0.1025 0.1704 0.00214951  2.02899e-12
-0.5  116146  0.0679  0.0836 0.1344 0.00064035  1.26894e-12
-0.3  166517  0.059  0.0724 0.143 0.000244528  9.92453e-13
-0.1  278219  0.0488  0.0595 0.0949 0.000121171  7.56269e-13
0.1  287651  0.0392  0.0479 0.0793 3.86488e-05  8.71747e-13
0.3  540872  0.0387  0.0486 0.0823 3.86517e-05  7.348e-13
0.5  645247  0.0369  0.0482 0.0996 2.46019e-05  9.38889e-13
0.7  772715  0.0352  0.0477 0.0919 3.68576e-05  1.2794e-12
0.9  928745  0.0395  0.0599 0.1169 3.29397e-05  1.64881e-12
1.1  1139873  0.0364  0.0549 0.1392 2.28491e-05  2.11601e-12
1.3  1271208  0.0356  0.0564 0.1331 3.20009e-05  3.00936e-12
1.5  1127992  0.0286  0.0441 0.1214 1.89584e-05  5.37057e-12
1.7  1065141  0.023  0.034 0.1118 2.81455e-05  9.01498e-12
1.9  1021300  0.0198  0.0306 0.1015 2.80558e-06  1.4901e-11
2.1  1019736  0.0185  0.0267 0.1043 4.65153e-07  2.36537e-11
2.3  975603  0.0171  0.0229 0.0919 3.79844e-08  3.9183e-11
