-1.7  82  0.3733  0.5138 0.5026 0.00865606  1.27314e-09
-1.5  3200  0.3225  0.4435 0.422 0.0756781  1.32758e-10
-1.3  11483  0.2219  0.2991 0.3638 0.0643768  5.44118e-11
-1.1  49088  0.1554  0.1916 0.2567 0.0891804  2.34736e-11
-0.9  116069  0.1315  0.1649 0.2427 0.0663675  1.37148e-11
-0.7  97930  0.0887  0.1101 0.1789 0.0042008  8.11342e-12
-0.5  138353  0.0704  0.087 0.1404 0.00105966  5.8272e-12
-0.3  213560  0.0584  0.0719 0.1171 0.000634103  5.22788e-12
-0.1  375311  0.053  0.0655 0.1015 0.000311767  4.0548e-12
0.1  547589  0.0509  0.0662 0.1122 0.000447387  4.72567e-12
0.3  733601  0.0517  0.071 0.167 0.000330528  5.24821e-12
0.5  825166  0.0511  0.0762 0.1575 0.000256347  7.34288e-12
0.7  960704  0.0545  0.0887 0.1751 0.000356748  1.02223e-11
0.9  1090844  0.0593  0.1024 0.2316 0.000276475  1.39507e-11
1.1  1233785  0.0471  0.0786 0.1837 0.000145381  1.95502e-11
1.3  1272153  0.0356  0.0565 0.1337 3.90063e-05  3.0049e-11
1.5  1127992  0.0286  0.0441 0.1214 1.89584e-05  5.37057e-11
1.7  1065141  0.023  0.034 0.1118 2.81455e-05  9.01498e-11
1.9  1021300  0.0198  0.0306 0.1015 2.80558e-06  1.4901e-10
2.1  1019736  0.0185  0.0267 0.1043 4.65153e-07  2.36537e-10
2.3  975603  0.0171  0.0229 0.0919 3.79844e-08  3.9183e-10
