-1.7  480  0.3804  0.5133 0.4839 0.0424286  1.29419e-10
-1.5  4139  0.2139  0.2717 0.3104 0.0651816  2.9865e-11
-1.3  15108  0.1749  0.2211 0.2665 0.0679855  1.32689e-11
-1.1  40995  0.1415  0.1767 0.2334 0.0552379  6.93794e-12
-0.9  69257  0.1087  0.1352 0.1978 0.0189128  3.78104e-12
-0.7  90196  0.0848  0.1048 0.1689 0.0026725  1.85741e-12
-0.5  141773  0.0685  0.0845 0.1453 0.000871896  1.17265e-12
-0.3  201592  0.0566  0.0693 0.1093 0.000398953  9.71525e-13
-0.1  354484  0.0512  0.0631 0.1029 0.000237568  7.31805e-13
0.1  433900  0.0447  0.0564 0.0995 0.000156414  8.29341e-13
0.3  542195  0.0405  0.0526 0.0975 5.10101e-05  7.78812e-13
0.5  620537  0.0375  0.0501 0.0874 3.63482e-05  1.00218e-12
0.7  716445  0.037  0.0522 0.0962 2.58903e-05  1.34017e-12
0.9  813562  0.0358  0.0536 0.1079 2.70428e-05  1.8702e-12
1.1  1045510  0.0413  0.0663 0.1198 2.24739e-05  2.30697e-12
1.3  1149701  0.036  0.0596 0.1245 2.77565e-05  3.3251e-12
1.5  1032274  0.0282  0.0443 0.1135 1.86696e-05  5.86886e-12
1.7  975864  0.0233  0.0336 0.1087 5.48726e-06  9.84001e-12
1.9  901365  0.0205  0.0292 0.0936 7.38013e-07  1.68824e-11
2.1  919050  0.0175  0.0244 0.1102 7.15231e-08  2.62565e-11
2.3  859889  0.0179  0.0237 0.0968 1.21381e-08  4.4458e-11
