-1.3  16  0.4404  0.5968 0.8899 0.00182241  8.92242e-09
-1.1  7341  0.3596  0.4807 0.439 0.0516215  1.21917e-10
-0.9  24230  0.2006  0.2589 0.3194 0.0221407  4.01974e-11
-0.7  44624  0.1293  0.1639 0.3018 0.0059687  2.02899e-11
-0.5  125429  0.1038  0.1334 0.2497 0.00666193  1.193e-11
-0.3  181419  0.0782  0.0997 0.2081 0.000958954  6.84977e-12
-0.1  301444  0.0656  0.0836 0.1845 0.000675353  5.96342e-12
0.1  417117  0.0708  0.0994 0.1681 0.000283511  5.78202e-12
0.3  502554  0.065  0.0899 0.1985 0.00023097  7.60952e-12
0.5  635787  0.0657  0.0956 0.1965 0.00035454  9.73337e-12
0.7  762201  0.0864  0.1426 0.2899 0.000277458  1.25968e-11
0.9  820022  0.0778  0.1268 0.2729 0.000259685  1.85605e-11
1.1  942901  0.0747  0.1234 0.2796 0.000232095  2.55709e-11
1.3  945582  0.089  0.1513 0.3174 0.000167396  4.04268e-11
1.5  1082926  0.1013  0.1686 0.1511 0.000205354  5.59488e-11
1.7  1116655  0.0864  0.1437 0.1417 1.59161e-05  8.60045e-11
1.9  1028217  0.0644  0.1012 0.1508 5.21856e-05  1.47999e-10
2.1  899448  0.0493  0.0721 0.151 1.63932e-06  2.68152e-10
2.3  802723  0.0438  0.0627 0.105 8.81376e-08  4.76217e-10
2.5  665365  0.0379  0.0539 0.1015 1.25867e-06  9.1053e-10
2.7  622187  0.0379  0.0558 0.1077 6.74846e-07  1.54341e-09
2.9  553441  0.0224  0.0307 0.1025 6.11939e-07  2.7497e-09
