-1.7  480  0.3804  0.5133 0.4839 0.0424286  4.2774e-10
-1.5  7422  0.3175  0.4357 0.4288 0.216562  9.4706e-11
-1.3  15108  0.1749  0.2211 0.2665 0.0679855  4.24187e-11
-1.1  56488  0.1526  0.1896 0.2581 0.100732  2.16034e-11
-0.9  139951  0.1307  0.1637 0.2454 0.0814122  1.25061e-11
-0.7  116604  0.0895  0.1108 0.1801 0.00518799  7.36714e-12
-0.5  141773  0.0685  0.0845 0.1453 0.000871896  5.3914e-12
-0.3  242433  0.0589  0.0721 0.1144 0.000655416  4.64432e-12
-0.1  404562  0.0541  0.0675 0.1127 0.000451946  4.04368e-12
0.1  499083  0.0499  0.0664 0.1199 0.000301977  4.83232e-12
0.3  648589  0.0529  0.0759 0.1456 0.00021894  5.89371e-12
0.5  801837  0.0542  0.0856 0.1739 0.000328924  7.60244e-12
0.7  900078  0.061  0.1054 0.1867 0.000298702  1.06691e-11
0.9  991874  0.0626  0.1087 0.2041 0.000284788  1.53458e-11
1.1  1149547  0.0515  0.0864 0.1311 8.45429e-05  2.09824e-11
1.3  1149701  0.036  0.0596 0.1245 2.77565e-05  3.3251e-11
1.5  1032274  0.0282  0.0443 0.1135 1.86696e-05  5.86886e-11
1.7  975864  0.0233  0.0336 0.1087 5.48726e-06  9.84001e-11
1.9  901365  0.0205  0.0292 0.0936 7.38013e-07  1.68824e-10
2.1  919050  0.0175  0.0244 0.1102 7.15231e-08  2.62565e-10
2.3  859889  0.0179  0.0237 0.0968 1.21381e-08  4.4458e-10
