-1.3  10  0.4404  0.5968 0.8899 0.000315049  1.71929e-09
-1.1  4515  0.3321  0.4463 0.4729 0.0193379  3.69896e-11
-0.9  24230  0.2006  0.2589 0.3194 0.0221407  1.16758e-11
-0.7  44624  0.1293  0.1639 0.3018 0.0059687  5.38407e-12
-0.5  125429  0.1038  0.1334 0.2497 0.00666193  3.19318e-12
-0.3  141759  0.0773  0.0982 0.2039 0.000406921  1.39169e-12
-0.1  253435  0.0605  0.076 0.1725 0.000194454  9.58959e-13
0.1  287407  0.0547  0.0698 0.1208 4.35468e-05  8.94855e-13
0.3  403704  0.0522  0.069 0.1413 4.62408e-05  1.02311e-12
0.5  503704  0.0496  0.0674 0.1391 2.65752e-05  1.20277e-12
0.7  613007  0.0486  0.0684 0.1394 3.08567e-05  1.56635e-12
0.9  686148  0.0474  0.0671 0.13 2.01568e-05  2.21796e-12
1.1  873304  0.0825  0.1356 0.219 2.97715e-05  2.76278e-12
1.3  881957  0.1169  0.2042 0.1915 3.38492e-05  4.38584e-12
1.5  1061316  0.0933  0.1562 0.1453 2.9503e-05  5.70864e-12
1.7  1116655  0.0864  0.1437 0.1417 1.59161e-05  8.60045e-12
1.9  1027850  0.0644  0.1012 0.1508 1.21313e-05  1.481e-11
2.1  899448  0.0493  0.0721 0.151 1.63932e-06  2.68152e-11
2.3  802723  0.0438  0.0627 0.105 8.81376e-08  4.76217e-11
2.5  665365  0.0379  0.0539 0.1015 1.25867e-06  9.1053e-11
2.7  622187  0.0379  0.0558 0.1077 6.74846e-07  1.54341e-10
2.9  553441  0.0224  0.0307 0.1025 6.11939e-07  2.7497e-10
