-1.3  10  0.4404  0.5968 0.8899 0.000315049  4.31834e-10
-1.1  2822  0.2776  0.3492 0.3583 0.0079275  1.22422e-11
-0.9  24225  0.214  0.268 0.259 0.0221407  4.12893e-12
-0.7  19475  0.1146  0.1441 0.265 0.000898602  1.49192e-12
-0.5  53206  0.1088  0.1377 0.1913 0.00119229  9.89359e-13
-0.3  119791  0.0707  0.089 0.2033 0.000276561  3.56655e-13
-0.1  206467  0.0624  0.0781 0.1344 0.000107966  2.20381e-13
0.1  287407  0.0547  0.0698 0.1208 4.35468e-05  1.76711e-13
0.3  360441  0.0482  0.0625 0.1376 1.02457e-05  1.39816e-13
0.5  440124  0.0443  0.0583 0.1222 1.27469e-05  1.93225e-13
0.7  539815  0.0432  0.0581 0.1195 2.73439e-06  1.77885e-13
0.9  470650  0.0333  0.0432 0.0893 1.88436e-07  3.23393e-13
1.1  625146  0.0334  0.045 0.0879 7.13911e-07  3.85722e-13
1.3  808487  0.0705  0.1149 0.1574 3.63206e-06  4.85274e-13
1.5  848537  0.0348  0.0504 0.0885 3.04498e-07  7.1394e-13
1.7  961848  0.0865  0.1438 0.1419 3.39543e-06  1.01097e-12
1.9  942338  0.0517  0.0761 0.1398 2.89267e-06  1.61545e-12
2.1  899448  0.0493  0.0721 0.151 1.63932e-06  2.68152e-12
2.3  802723  0.0438  0.0627 0.105 8.81376e-08  4.76217e-12
2.5  665365  0.0379  0.0539 0.1015 1.25867e-06  9.1053e-12
2.7  622187  0.0379  0.0558 0.1077 6.74846e-07  1.54341e-11
2.9  553441  0.0224  0.0307 0.1025 6.11939e-07  2.7497e-11
