-0.7  8621  0.2281  0.2987 0.3076 0.00433089  7.29697e-12
-0.5  122560  0.1711  0.2111 0.2219 0.0211277  1.98993e-12
-0.3  182724  0.1132  0.1403 0.2188 0.00400148  8.30264e-13
-0.1  91171  0.0703  0.086 0.1795 3.50766e-05  3.25213e-13
0.1  438794  0.0653  0.0806 0.1325 9.47414e-05  1.55914e-13
0.3  1228718  0.0606  0.0754 0.1068 0.000124982  9.87388e-14
0.5  1120005  0.0476  0.0586 0.0947 1.25488e-05  7.55598e-14
0.7  1842996  0.0431  0.0537 0.0836 6.4921e-06  6.09316e-14
0.9  1947467  0.0366  0.0456 0.0691 1.746e-06  7.81441e-14
1.1  2577685  0.0351  0.0439 0.0626 9.62986e-07  9.35738e-14
1.3  3142218  0.0343  0.0435 0.0592 1.14286e-05  1.65394e-13
1.5  3920224  0.038  0.0496 0.0757 7.91912e-06  1.90021e-13
1.7  3288904  0.0305  0.0389 0.0561 2.59475e-06  2.9194e-13
1.9  3844182  0.0318  0.0413 0.0707 4.75144e-06  4.30349e-13
2.1  4335146  0.0379  0.0553 0.0917 7.75675e-06  6.80791e-13
2.3  4570215  0.0318  0.0456 0.0907 2.11921e-06  8.36218e-13
2.5  4957745  0.0327  0.0491 0.0866 8.62909e-07  1.222e-12
2.7  4782314  0.0293  0.044 0.0776 1.87948e-06  2.00785e-12
2.9  4309971  0.0207  0.0293 0.0721 5.79621e-07  3.53114e-12
