-1.3  4  0.3176  0.4251 0 0  2.28836e-09
-1.1  8541  0.2176  0.2807 0.2921 0.0223402  2.09968e-11
-0.9  60213  0.202  0.2595 0.2762 0.064553  8.13343e-12
-0.7  88111  0.1364  0.1679 0.2197 0.0181925  4.6212e-12
-0.5  107886  0.1008  0.1243 0.1837 0.00281726  2.51866e-12
-0.3  232960  0.0861  0.1068 0.1508 0.00236122  1.71204e-12
-0.1  520361  0.0825  0.1044 0.1274 0.00193337  1.11504e-12
0.1  1323541  0.0777  0.0985 0.1035 0.00151239  6.26195e-13
0.3  2209499  0.0673  0.0854 0.0891 0.000805933  4.60207e-13
0.5  2289147  0.0533  0.067 0.0754 0.000176155  4.09683e-13
0.7  2926091  0.0453  0.0571 0.0677 7.07513e-05  3.92152e-13
0.9  3384227  0.0393  0.0495 0.0671 4.06796e-05  4.72605e-13
1.1  4151439  0.0358  0.0455 0.0684 4.06673e-05  6.10452e-13
1.3  4860075  0.0329  0.0426 0.0813 4.14779e-05  8.29839e-13
1.5  4647436  0.0282  0.0363 0.0751 3.06736e-05  1.30355e-12
1.7  4894868  0.0272  0.036 0.0881 5.33052e-05  2.18895e-12
1.9  4811350  0.0235  0.0303 0.0876 1.09697e-05  3.16317e-12
2.1  4692553  0.0207  0.0274 0.0877 4.62307e-06  5.13958e-12
2.3  4708956  0.0195  0.026 0.0848 1.04772e-06  8.1198e-12
