-1.3  7  0.3934  0.5669 0 0.000309666  1.24962e-08
-1.1  8541  0.2176  0.2807 0.2921 0.0223402  7.22504e-11
-0.9  60213  0.202  0.2595 0.2762 0.064553  2.61042e-11
-0.7  201392  0.1834  0.2381 0.2769 0.0992628  1.5117e-11
-0.5  237720  0.1437  0.1944 0.2377 0.0197593  9.80386e-12
-0.3  1015797  0.1479  0.1931 0.2316 0.0650131  6.17768e-12
-0.1  1858940  0.1291  0.1699 0.203 0.0427543  4.42075e-12
0.1  1323541  0.0777  0.0985 0.1035 0.00151239  2.69167e-12
0.3  2209499  0.0673  0.0854 0.0891 0.000805933  2.13806e-12
0.5  2892707  0.056  0.0707 0.0791 0.000430669  2.22866e-12
0.7  3694844  0.0486  0.0619 0.0867 0.000426817  2.75923e-12
0.9  4202846  0.0431  0.0559 0.0911 0.000323584  3.63224e-12
1.1  5142101  0.0384  0.05 0.0921 0.00030216  4.69012e-12
1.3  5285106  0.0369  0.0503 0.1585 0.000263585  7.23319e-12
1.5  5099439  0.0312  0.0416 0.1823 0.000147199  1.18803e-11
1.7  4959076  0.0272  0.0359 0.1047 0.00010448  1.93621e-11
1.9  4811350  0.0235  0.0303 0.0876 1.09697e-05  3.16317e-11
2.1  4692553  0.0207  0.0274 0.0877 4.62307e-06  5.13958e-11
2.3  4708956  0.0195  0.026 0.0848 1.04772e-06  8.1198e-11
