-0.7  13106  0.2849  0.3802 0.3139 0.0103457  2.36896e-11
-0.5  198296  0.1961  0.2501 0.2549 0.0486133  5.34013e-12
-0.3  380468  0.1388  0.1736 0.2058 0.017319  2.62481e-12
-0.1  442088  0.0992  0.1251 0.2099 0.00162955  1.22018e-12
0.1  801498  0.0765  0.0964 0.1428 0.000521067  6.76982e-13
0.3  1672559  0.0669  0.0843 0.1209 0.000298823  4.21043e-13
0.5  2082506  0.0593  0.0749 0.126 0.000104703  3.8581e-13
0.7  2609172  0.0514  0.0655 0.1008 4.88699e-05  4.02454e-13
0.9  2778130  0.0435  0.0552 0.0791 2.22367e-05  5.47817e-13
1.1  3817157  0.0435  0.0566 0.0783 2.85641e-05  6.31782e-13
1.3  3753709  0.0387  0.0501 0.0703 3.31819e-05  1.0263e-12
1.5  4504948  0.0401  0.0543 0.0837 3.80275e-05  1.39343e-12
1.7  4513603  0.0423  0.0594 0.0927 3.2641e-05  2.13744e-12
1.9  5161193  0.0424  0.063 0.1211 3.0883e-05  2.94885e-12
2.1  5506872  0.0464  0.0739 0.1236 4.20366e-05  4.63425e-12
2.3  5148549  0.037  0.0558 0.1051 1.9865e-05  7.42454e-12
2.5  4957745  0.0327  0.0491 0.0866 8.62909e-07  1.222e-11
2.7  4782314  0.0293  0.044 0.0776 1.87948e-06  2.00785e-11
2.9  4309971  0.0207  0.0293 0.0721 5.79621e-07  3.53114e-11
