-0.7  13106  0.2849  0.3802 0.3139 0.0103457  8.57267e-11
-0.5  198296  0.1961  0.2501 0.2549 0.0486133  1.748e-11
-0.3  581118  0.1683  0.2179 0.2476 0.0448829  9.11962e-12
-0.1  442088  0.0992  0.1251 0.2099 0.00162955  5.20017e-12
0.1  1413276  0.0898  0.1155 0.1754 0.00289263  3.10812e-12
0.3  1672559  0.0669  0.0843 0.1209 0.000298823  2.28541e-12
0.5  2398993  0.0571  0.0719 0.0967 0.000299853  2.52507e-12
0.7  2969688  0.0514  0.0662 0.0923 0.000271128  3.23332e-12
0.9  3521971  0.0489  0.0643 0.0912 0.000222328  4.32067e-12
1.1  4476955  0.049  0.067 0.1038 0.000369787  5.55094e-12
1.3  4682889  0.0446  0.0612 0.0917 0.00030075  8.16445e-12
1.5  5160939  0.0543  0.0878 0.1469 0.000298051  1.17393e-11
1.7  5669858  0.0562  0.0951 0.2224 0.000264072  1.69353e-11
1.9  5806236  0.0561  0.0999 0.2026 0.000223299  2.62132e-11
2.1  5533364  0.0464  0.0739 0.1236 5.22247e-05  4.36001e-11
2.3  5148549  0.037  0.0558 0.1051 1.9865e-05  7.42454e-11
2.5  4957745  0.0327  0.0491 0.0866 8.62909e-07  1.222e-10
2.7  4782314  0.0293  0.044 0.0776 1.87948e-06  2.00785e-10
2.9  4309971  0.0207  0.0293 0.0721 5.79621e-07  3.53114e-10
