-0.7  24674  0.2608  0.35 0.3166 0.0201508  1.73494e-11
-0.5  292490  0.1773  0.2205 0.2478 0.0608722  4.076e-12
-0.3  368823  0.1098  0.1361 0.2177 0.00822055  1.89798e-12
-0.1  409717  0.0841  0.1033 0.1537 0.000739143  9.55117e-13
0.1  1023854  0.067  0.0836 0.1448 0.000556685  5.43414e-13
0.3  1233715  0.0523  0.0648 0.1079 7.56193e-05  3.76585e-13
0.5  1709488  0.0489  0.0619 0.1101 4.58056e-05  3.82125e-13
0.7  2250505  0.0453  0.0585 0.0871 3.73911e-05  4.40688e-13
0.9  2408877  0.0412  0.0541 0.0817 3.18407e-05  6.31724e-13
1.1  3325112  0.0387  0.0511 0.0735 2.95845e-05  7.25483e-13
1.3  3434124  0.04  0.0548 0.078 2.37095e-05  1.11304e-12
1.5  3676256  0.0365  0.0488 0.0689 4.43718e-05  1.76402e-12
1.7  3930321  0.037  0.0501 0.0804 3.28498e-05  2.45779e-12
1.9  4527083  0.046  0.0706 0.1164 3.50272e-05  3.425e-12
2.1  4951766  0.0488  0.0765 0.1205 4.05857e-05  5.11672e-12
2.3  4791400  0.0411  0.0619 0.0944 2.84324e-05  7.97947e-12
2.5  4686581  0.035  0.0504 0.0843 7.75729e-06  1.29282e-11
2.7  4590057  0.0341  0.0493 0.0794 3.936e-06  2.09196e-11
2.9  4351002  0.0249  0.0346 0.0799 2.16046e-06  3.49778e-11
