-1.3  7  0.3009  0.3881 0 9.139e-05  1.27176e-08
-1.1  19599  0.223  0.2891 0.3065 0.051445  4.55925e-11
-0.9  143521  0.2065  0.2655 0.2866 0.152291  1.64218e-11
-0.7  387277  0.1761  0.229 0.2857 0.167098  1.00907e-11
-0.5  520556  0.1411  0.1899 0.2541 0.050938  6.80294e-12
-0.3  441655  0.085  0.105 0.1353 0.003398  4.18955e-12
-0.1  913693  0.0752  0.094 0.1157 0.00246811  2.87506e-12
0.1  1444288  0.062  0.0781 0.0959 0.0014638  2.44155e-12
0.3  1807782  0.0511  0.0647 0.0753 0.000380708  2.19164e-12
0.5  2251974  0.0451  0.0582 0.0723 0.000313311  2.69009e-12
0.7  2653396  0.0396  0.052 0.0769 0.000249283  3.61887e-12
0.9  3628037  0.0419  0.0579 0.1087 0.000461741  4.53094e-12
1.1  4337499  0.0376  0.0519 0.0942 0.000317734  5.5611e-12
1.3  4696779  0.0373  0.0528 0.1124 0.000291981  8.13893e-12
1.5  4348842  0.0314  0.044 0.1225 0.000281987  1.39311e-11
1.7  4155031  0.0274  0.0375 0.1095 9.11449e-05  2.31089e-11
1.9  3971241  0.0241  0.0327 0.0952 2.35713e-05  3.8324e-11
2.1  3889559  0.0214  0.0291 0.0865 4.79222e-06  6.20101e-11
2.3  3805224  0.0194  0.0265 0.0824 3.45675e-07  1.00461e-10
