-0.7  12975  0.2071  0.2604 0.2555 0.00589066  5.69725e-12
-0.5  127536  0.141  0.171 0.2462 0.0135019  1.45768e-12
-0.3  242855  0.1008  0.1241 0.2019 0.00333923  5.69473e-13
-0.1  192860  0.0694  0.0851 0.1684 7.63772e-05  2.0552e-13
0.1  775532  0.0618  0.0762 0.134 0.000264709  1.35752e-13
0.3  1044005  0.0493  0.0607 0.1033 4.6462e-05  7.89655e-14
0.5  1226532  0.0416  0.051 0.0964 1.01839e-05  6.50173e-14
0.7  1584281  0.0372  0.0464 0.0821 4.84776e-06  6.61635e-14
0.9  2167859  0.0377  0.0483 0.0737 2.27197e-06  7.01983e-14
1.1  2197425  0.0315  0.0397 0.0604 6.24724e-07  1.09775e-13
1.3  3023822  0.0348  0.0455 0.0649 1.24427e-05  1.7611e-13
1.5  2773567  0.0296  0.0384 0.0554 4.63823e-06  2.36164e-13
1.7  2833699  0.0276  0.0353 0.0528 5.18763e-06  3.75772e-13
1.9  3321035  0.0322  0.0431 0.0683 6.89213e-06  5.43976e-13
2.1  4058659  0.0379  0.0536 0.0863 5.76815e-06  6.75458e-13
2.3  4107875  0.0347  0.0499 0.0798 3.04478e-06  9.30619e-13
2.5  4551339  0.0351  0.0505 0.0843 3.44009e-06  1.35146e-12
2.7  4590057  0.0341  0.0493 0.0794 3.14751e-06  2.09196e-12
2.9  4351002  0.0249  0.0346 0.0799 2.16046e-06  3.49778e-12
