-1.3  7  0.3009  0.3881 0 9.139e-05  1.62511e-09
-1.1  19599  0.223  0.2891 0.3065 0.051445  1.3981e-11
-0.9  143521  0.2065  0.2655 0.2866 0.152291  5.53825e-12
-0.7  164866  0.173  0.2312 0.2356 0.0333793  3.33977e-12
-0.5  140305  0.0996  0.1222 0.1728 0.00319992  2.04921e-12
-0.3  441655  0.085  0.105 0.1353 0.003398  1.05926e-12
-0.1  517052  0.0661  0.0813 0.0994 0.000586136  6.92278e-13
0.1  988965  0.0558  0.0689 0.0827 0.00037323  4.85771e-13
0.3  1510659  0.0482  0.0598 0.0705 0.000165211  3.8392e-13
0.5  1800742  0.0414  0.0518 0.0647 6.35433e-05  3.91417e-13
0.7  2197146  0.0368  0.0469 0.0624 3.47173e-05  4.4431e-13
0.9  2402373  0.0301  0.0384 0.0566 2.78858e-05  6.33442e-13
1.1  2951836  0.0288  0.0376 0.0607 2.64177e-05  8.17152e-13
1.3  4159603  0.0321  0.0434 0.0769 7.40505e-05  1.11113e-12
1.5  3782279  0.0272  0.0363 0.069 3.24213e-05  1.60701e-12
1.7  4136951  0.0274  0.0375 0.083 4.42845e-05  2.48435e-12
1.9  3971241  0.0241  0.0327 0.0952 2.35713e-05  3.8324e-12
2.1  3889559  0.0214  0.0291 0.0865 4.79222e-06  6.20101e-12
2.3  3805224  0.0194  0.0265 0.0824 3.45675e-07  1.00461e-11
