-0.7  24674  0.2608  0.35 0.3166 0.0201508  6.0098e-11
-0.5  292490  0.1773  0.2205 0.2478 0.0608722  1.31364e-11
-0.3  368823  0.1098  0.1361 0.2177 0.00822055  6.97856e-12
-0.1  596409  0.0913  0.1145 0.2105 0.00190491  4.04772e-12
0.1  1023854  0.067  0.0836 0.1448 0.000556685  2.65612e-12
0.3  1595795  0.0575  0.0729 0.1094 0.000378832  2.47995e-12
0.5  2039091  0.0503  0.0646 0.0937 0.000304291  2.97048e-12
0.7  2501986  0.0492  0.0652 0.0988 0.000318048  3.83781e-12
0.9  3042334  0.0458  0.0613 0.0904 0.000327894  5.03034e-12
1.1  3831564  0.0443  0.0603 0.1035 0.000297568  6.29496e-12
1.3  4350707  0.0428  0.0595 0.0875 0.00029051  8.78316e-12
1.5  4563322  0.0551  0.0876 0.126 0.000239637  1.32758e-11
1.7  5204131  0.0544  0.0894 0.1731 0.000311055  1.84525e-11
1.9  5279605  0.0611  0.1039 0.203 0.000293429  2.88213e-11
2.1  5092264  0.0488  0.0765 0.1205 9.2909e-05  4.73582e-11
2.3  4791400  0.0411  0.0619 0.0944 2.84324e-05  7.97947e-11
2.5  4686581  0.035  0.0504 0.0843 7.75729e-06  1.29282e-10
2.7  4590057  0.0341  0.0493 0.0794 3.936e-06  2.09196e-10
2.9  4351002  0.0249  0.0346 0.0799 2.16046e-06  3.49778e-10
