-1.7  209  0.3621  0.4908 0.5134 0.0189924  6.90789e-10
-1.5  5751  0.3038  0.4183 0.4286 0.15621  1.04191e-10
-1.3  12472  0.1662  0.2103 0.2721 0.0575623  4.75701e-11
-1.1  40868  0.1469  0.184 0.2562 0.0663288  2.45654e-11
-0.9  85182  0.1325  0.1681 0.243 0.0406949  1.4954e-11
-0.7  69640  0.0892  0.1111 0.179 0.00214873  9.05105e-12
-0.5  121540  0.0787  0.0982 0.158 0.00122416  6.91189e-12
-0.3  218187  0.0698  0.0877 0.1325 0.00105004  5.83961e-12
-0.1  389509  0.0641  0.081 0.1205 0.000633662  4.54307e-12
0.1  914742  0.0734  0.0948 0.1193 0.00169929  4.03497e-12
0.3  1032487  0.0568  0.0726 0.0895 0.000333038  3.7346e-12
0.5  1712630  0.0571  0.0739 0.0871 0.00060152  4.06158e-12
0.7  1949717  0.0507  0.0669 0.0842 0.000374293  5.08702e-12
0.9  2385804  0.0473  0.0629 0.0879 0.000331764  6.42945e-12
1.1  3076884  0.0457  0.0615 0.1054 0.000348083  7.97599e-12
1.3  3338582  0.0394  0.053 0.0807 0.00028155  1.14494e-11
1.5  3374045  0.0423  0.0614 0.1391 0.000277662  1.79607e-11
1.7  3404162  0.0364  0.0519 0.1748 0.000289656  2.8208e-11
1.9  3181955  0.0293  0.0405 0.0916 6.26191e-05  4.78266e-11
2.1  3143952  0.026  0.0354 0.0907 5.51682e-06  7.67127e-11
2.3  3124240  0.0228  0.0308 0.0838 8.12023e-07  1.22339e-10
