-1.3  5  0.4037  0.5689 0.5499 0.000606637  4.17345e-09
-1.1  6356  0.3359  0.463 0.4184 0.0472984  4.12455e-11
-0.9  25619  0.2206  0.2986 0.3488 0.0293471  1.27067e-11
-0.7  21390  0.1161  0.1465 0.264 0.00109086  5.36557e-12
-0.5  88591  0.1023  0.1309 0.2424 0.0031872  3.23965e-12
-0.3  126882  0.0759  0.0963 0.2065 0.000309627  1.41141e-12
-0.1  219009  0.0657  0.0834 0.1754 0.000110166  9.34899e-13
0.1  295016  0.0543  0.0685 0.1355 3.39332e-05  8.27817e-13
0.3  457295  0.0538  0.0692 0.1411 3.86753e-05  8.69386e-13
0.5  883556  0.0514  0.066 0.1092 5.18848e-05  7.60404e-13
0.7  1287858  0.0518  0.067 0.1043 5.74647e-05  8.46764e-13
0.9  1369550  0.0462  0.0596 0.0932 3.15957e-05  1.111e-12
1.1  2137978  0.0492  0.0653 0.0894 4.29168e-05  1.19932e-12
1.3  2283970  0.0453  0.0602 0.0829 3.02637e-05  1.67371e-12
1.5  2521421  0.0464  0.0652 0.0876 3.61523e-05  2.46418e-12
1.7  2669028  0.0496  0.0721 0.0978 3.47645e-05  3.65992e-12
1.9  3009381  0.0629  0.1018 0.1297 3.14514e-05  5.05662e-12
2.1  3470400  0.0624  0.1003 0.1261 3.55188e-05  7.09993e-12
2.3  3596916  0.0739  0.1176 0.1452 2.26531e-05  1.06265e-11
2.5  3493601  0.0577  0.09 0.1144 6.21917e-06  1.73358e-11
2.7  3387056  0.0488  0.0724 0.0996 5.31233e-06  2.83489e-11
2.9  2818893  0.0307  0.0447 0.0917 1.69776e-06  5.39831e-11
