-1.3  7  0.4037  0.5689 0.5499 0.00156338  1.88107e-08
-1.1  6356  0.3359  0.463 0.4184 0.0472984  1.35261e-10
-0.9  25619  0.2206  0.2986 0.3488 0.0293471  4.29906e-11
-0.7  37854  0.126  0.1576 0.246 0.00434411  2.12467e-11
-0.5  88591  0.1023  0.1309 0.2424 0.0031872  1.28833e-11
-0.3  157149  0.0863  0.1111 0.2119 0.000679469  7.22808e-12
-0.1  245580  0.07  0.0896 0.1812 0.000249164  6.19694e-12
0.1  486644  0.07  0.0915 0.163 0.000690255  5.88613e-12
0.3  826608  0.0672  0.0879 0.146 0.000551889  5.20228e-12
0.5  1224479  0.0641  0.0842 0.1268 0.000305145  4.94759e-12
0.7  1608628  0.0627  0.0835 0.1212 0.000426902  6.33866e-12
0.9  1921891  0.056  0.0749 0.1055 0.00031195  7.91854e-12
1.1  2462522  0.058  0.081 0.1148 0.000305382  9.79414e-12
1.3  2807168  0.0589  0.0877 0.1222 0.000339173  1.37839e-11
1.5  3067584  0.0625  0.0975 0.1274 0.000220042  1.97551e-11
1.7  3504191  0.079  0.1349 0.1779 0.000291463  2.74031e-11
1.9  3691803  0.0858  0.15 0.2994 0.000232384  4.12253e-11
2.1  3804218  0.0962  0.1621 0.273 0.000195339  6.34067e-11
2.3  3596916  0.0739  0.1176 0.1452 2.26531e-05  1.06265e-10
2.5  3493601  0.0577  0.09 0.1144 6.21917e-06  1.73358e-10
2.7  3387056  0.0488  0.0724 0.0996 5.31233e-06  2.83489e-10
2.9  2818893  0.0307  0.0447 0.0917 1.69776e-06  5.39831e-10
