-1.3  5  0.4037  0.5689 0.5499 0.000606637  1.10876e-09
-1.1  3520  0.306  0.4171 0.4167 0.0161272  1.47392e-11
-0.9  13678  0.1661  0.2097 0.3068 0.00989633  4.5276e-12
-0.7  21390  0.1161  0.1465 0.264 0.00109086  1.4881e-12
-0.5  88591  0.1023  0.1309 0.2424 0.0031872  9.62281e-13
-0.3  95500  0.0693  0.0873 0.2036 0.000152004  3.46151e-13
-0.1  219009  0.0657  0.0834 0.1754 0.000110166  2.09463e-13
0.1  295016  0.0543  0.0685 0.1355 3.39332e-05  1.57438e-13
0.3  364059  0.0493  0.0629 0.1197 9.01507e-06  1.33693e-13
0.5  596205  0.0478  0.0607 0.116 6.0834e-06  1.16993e-13
0.7  808767  0.0415  0.0526 0.096 2.72653e-06  1.18724e-13
0.9  1112808  0.0395  0.05 0.0809 1.48559e-06  1.36777e-13
1.1  1525023  0.0395  0.0499 0.0712 6.99807e-07  1.58149e-13
1.3  1816754  0.038  0.0484 0.0683 3.57196e-07  2.10426e-13
1.5  2171270  0.0396  0.0529 0.0749 7.84344e-06  3.4239e-13
1.7  2399898  0.0415  0.0573 0.0822 1.8481e-05  6.28634e-13
1.9  2406003  0.0397  0.0543 0.087 9.15598e-06  8.08534e-13
2.1  2646971  0.0424  0.0608 0.0966 5.55355e-06  1.02665e-12
2.3  2987505  0.0465  0.069 0.0958 4.22317e-06  1.35543e-12
2.5  3371898  0.0577  0.0901 0.1144 3.55915e-06  1.83612e-12
2.7  3324828  0.0488  0.0722 0.0995 2.91465e-06  2.88801e-12
2.9  2818893  0.0307  0.0447 0.0917 1.69776e-06  5.39831e-12
