-1.7  209  0.3621  0.4908 0.5134 0.0189924  1.98689e-10
-1.5  5751  0.3038  0.4183 0.4286 0.15621  3.52324e-11
-1.3  12472  0.1662  0.2103 0.2721 0.0575623  1.47057e-11
-1.1  40868  0.1469  0.184 0.2562 0.0663288  7.67288e-12
-0.9  55970  0.1132  0.1417 0.21 0.01642  4.36762e-12
-0.7  52905  0.0827  0.1024 0.1698 0.00109756  2.17506e-12
-0.5  86925  0.0703  0.0867 0.1506 0.000484287  1.5261e-12
-0.3  162175  0.0635  0.0788 0.1211 0.00046842  1.28061e-12
-0.1  273683  0.0562  0.07 0.1061 0.000230437  9.38336e-13
0.1  597463  0.0598  0.0765 0.0991 0.000448258  8.59051e-13
0.3  946167  0.0573  0.0737 0.0999 0.000243865  6.94616e-13
0.5  1029742  0.0451  0.0571 0.0727 5.16776e-05  6.51775e-13
0.7  1330185  0.041  0.052 0.0651 5.86614e-05  8.23824e-13
0.9  1667529  0.0378  0.0484 0.0573 5.39269e-05  1.02103e-12
1.1  2114433  0.0358  0.0465 0.0599 2.95031e-05  1.14066e-12
1.3  2842372  0.0361  0.0476 0.069 6.10112e-05  1.54933e-12
1.5  2957350  0.0337  0.0449 0.0752 3.12648e-05  2.04921e-12
1.7  2870890  0.029  0.0387 0.0733 2.91104e-05  3.3448e-12
1.9  3152149  0.0293  0.0405 0.0918 2.36196e-05  4.82815e-12
2.1  3143952  0.026  0.0354 0.0907 5.51682e-06  7.67127e-12
2.3  3124240  0.0228  0.0308 0.0838 8.12023e-07  1.22339e-11
