-1.7  727  0.3767  0.5062 0.4878 0.0705944  3.57067e-10
-1.5  4991  0.2002  0.2511 0.3066 0.0818007  8.82812e-11
-1.3  17547  0.1601  0.2001 0.2695 0.0874608  4.10504e-11
-1.1  31747  0.1289  0.1617 0.2678 0.0345797  2.35443e-11
-0.9  53949  0.1085  0.1359 0.2043 0.0125139  1.41973e-11
-0.7  64160  0.0863  0.1076 0.172 0.00189602  9.44014e-12
-0.5  114456  0.0782  0.0982 0.1694 0.00153082  7.84437e-12
-0.3  161910  0.0662  0.083 0.1423 0.000716707  7.11137e-12
-0.1  291476  0.062  0.0783 0.1271 0.000553912  5.8785e-12
0.1  415764  0.0575  0.0745 0.1258 0.000418631  6.13499e-12
0.3  719865  0.0629  0.0869 0.2131 0.000658464  6.23304e-12
0.5  851374  0.0515  0.0704 0.2073 0.000348839  7.24515e-12
0.7  828159  0.0416  0.0561 0.2221 0.00015212  1.15947e-11
0.9  840598  0.0348  0.0465 0.2415 0.000135393  1.81056e-11
1.1  925527  0.0299  0.0404 0.2229 0.000140187  2.60534e-11
1.3  838142  0.0262  0.0346 0.1787 2.00787e-06  4.56061e-11
1.5  760966  0.0246  0.032 0.1635 9.40204e-07  7.96133e-11
1.7  743711  0.0233  0.0302 0.0919 8.23194e-07  1.29107e-10
1.9  676870  0.021  0.0284 0.1014 2.64582e-08  2.24829e-10
2.1  668073  0.0197  0.0277 0.1076 2.06552e-07  3.61091e-10
2.3  614130  0.0199  0.0261 0.0954 0  6.22475e-10
