-1.3  20  0.4269  0.5705 0.685 0.000718696  3.14558e-10
-1.1  0  0.1352  0.1689 0.4739 0  3.68581e-08
-0.9  17473  0.1893  0.2331 0.2551 0.0102128  3.60837e-12
-0.7  52708  0.1247  0.1577 0.3063 0.00709211  1.54933e-12
-0.5  51067  0.0988  0.1254 0.2418 0.00118396  1.02733e-12
-0.3  92093  0.0687  0.0862 0.2006 0.00014189  3.48807e-13
-0.1  188673  0.0638  0.0804 0.1727 0.000118158  2.50203e-13
0.1  224303  0.0533  0.0666 0.1174 2.52946e-05  1.87173e-13
0.3  360597  0.047  0.0592 0.1215 1.54315e-05  1.57485e-13
0.5  473900  0.0431  0.0547 0.1439 1.02678e-05  1.68712e-13
0.7  467238  0.0349  0.0434 0.1108 1.66039e-06  2.05493e-13
0.9  642942  0.034  0.0429 0.0952 8.90124e-07  2.36656e-13
1.1  809291  0.03  0.0381 0.0768 2.44818e-06  2.98116e-13
1.3  1059635  0.0296  0.038 0.0761 2.80253e-06  3.60766e-13
1.5  1279053  0.0303  0.04 0.0767 6.82995e-06  5.6109e-13
1.7  1211682  0.0299  0.0394 0.0753 3.01699e-06  7.92433e-13
1.9  1118379  0.0278  0.0363 0.0803 2.40872e-06  1.3607e-12
2.1  926080  0.0267  0.0346 0.0654 2.19531e-07  2.60534e-12
2.3  747504  0.0261  0.0348 0.0636 7.05852e-08  5.11362e-12
2.5  501083  0.0274  0.0347 0.1013 7.4302e-07  1.20902e-11
2.7  245002  0.0251  0.0324 0.0855 0  3.9191e-11
