-1.3  20  0.4269  0.5705 0.685 0.000718696  1.16833e-09
-1.1  0  0.1352  0.1689 0.4739 0  3.68581e-07
-0.9  17473  0.1893  0.2331 0.2551 0.0102128  1.11425e-11
-0.7  52708  0.1247  0.1577 0.3063 0.00709211  4.93566e-12
-0.5  99023  0.118  0.1524 0.208 0.0048927  3.51202e-12
-0.3  131793  0.0812  0.1039 0.2055 0.000377333  1.45689e-12
-0.1  188673  0.0638  0.0804 0.1727 0.000118158  1.10696e-12
0.1  333808  0.0581  0.0739 0.1485 8.11559e-05  8.94347e-13
0.3  360597  0.047  0.0592 0.1215 1.54315e-05  1.0601e-12
0.5  715510  0.0539  0.0704 0.2172 5.9996e-05  9.71574e-13
0.7  798375  0.0451  0.0584 0.1347 3.02939e-05  1.20253e-12
0.9  974358  0.0417  0.0551 0.1272 1.99441e-05  1.56187e-12
1.1  1373822  0.0485  0.0687 0.1501 6.12377e-05  2.0246e-12
1.3  1206799  0.0331  0.0433 0.1065 2.01443e-05  3.16755e-12
1.5  1453907  0.0338  0.0457 0.1224 3.06932e-05  4.16732e-12
1.7  1239134  0.0303  0.0399 0.0896 1.36866e-05  7.74725e-12
1.9  1118379  0.0278  0.0363 0.0803 2.40872e-06  1.3607e-11
2.1  926080  0.0267  0.0346 0.0654 2.19531e-07  2.60534e-11
2.3  747504  0.0261  0.0348 0.0636 7.05852e-08  5.11362e-11
2.5  501083  0.0274  0.0347 0.1013 7.4302e-07  1.20902e-10
2.7  245002  0.0251  0.0324 0.0855 0  3.9191e-10
