-1.7  727  0.3767  0.5062 0.4878 0.0705944  1.1207e-10
-1.5  4991  0.2002  0.2511 0.3066 0.0818007  2.80385e-11
-1.3  17547  0.1601  0.2001 0.2695 0.0874608  1.3112e-11
-1.1  31747  0.1289  0.1617 0.2678 0.0345797  7.02994e-12
-0.9  53949  0.1085  0.1359 0.2043 0.0125139  3.97403e-12
-0.7  64160  0.0863  0.1076 0.172 0.00189602  2.2516e-12
-0.5  70568  0.0675  0.083 0.1472 0.000336959  1.64866e-12
-0.3  141174  0.0681  0.0868 0.1729 0.00044882  1.44803e-12
-0.1  234267  0.0571  0.0716 0.1173 0.000247017  1.12212e-12
0.1  242590  0.0451  0.0565 0.0906 5.17694e-05  1.10206e-12
0.3  406246  0.043  0.0544 0.0957 5.76198e-05  1.06967e-12
0.5  595486  0.0394  0.0507 0.0958 2.79518e-05  1.0174e-12
0.7  802346  0.0413  0.0556 0.1412 4.42877e-05  1.28101e-12
0.9  829403  0.0348  0.0464 0.1659 2.69261e-05  1.83482e-12
1.1  915681  0.03  0.0403 0.1994 2.33761e-05  2.63327e-12
1.3  838142  0.0262  0.0346 0.1787 2.00787e-06  4.56061e-12
1.5  760966  0.0246  0.032 0.1635 9.40204e-07  7.96133e-12
1.7  743711  0.0233  0.0302 0.0919 8.23194e-07  1.29107e-11
1.9  676870  0.021  0.0284 0.1014 2.64582e-08  2.24829e-11
2.1  668073  0.0197  0.0277 0.1076 2.06552e-07  3.61091e-11
2.3  614130  0.0199  0.0261 0.0954 0  6.22475e-11
