-1.3  35  0.4269  0.5705 0.685 0.00366227  5.36472e-09
-1.1  0  0.1352  0.1689 0.4739 0  3.68581e-06
-0.9  26640  0.201  0.2489 0.2811 0.0271828  3.99688e-11
-0.7  52708  0.1247  0.1577 0.3063 0.00709211  1.83509e-11
-0.5  99023  0.118  0.1524 0.208 0.0048927  1.34473e-11
-0.3  131793  0.0812  0.1039 0.2055 0.000377333  7.53797e-12
-0.1  250463  0.0726  0.0938 0.1965 0.000423563  6.44057e-12
0.1  397988  0.0687  0.0904 0.2317 0.000363256  6.22132e-12
0.3  570028  0.0602  0.0789 0.1849 0.000319134  6.71015e-12
0.5  768628  0.0539  0.0704 0.2172 0.000112463  7.88282e-12
0.7  1128970  0.0669  0.098 0.2323 0.000399557  8.90229e-12
0.9  1323458  0.0628  0.094 0.2402 0.000345096  1.16761e-11
1.1  1507872  0.0504  0.0722 0.23 0.000156095  1.59952e-11
1.3  1542995  0.0399  0.0556 0.246 0.000121183  2.4774e-11
1.5  1460668  0.0338  0.0458 0.1448 4.40596e-05  4.1481e-11
1.7  1239134  0.0303  0.0399 0.0896 1.36866e-05  7.74725e-11
1.9  1118379  0.0278  0.0363 0.0803 2.40872e-06  1.3607e-10
2.1  926080  0.0267  0.0346 0.0654 2.19531e-07  2.60534e-10
2.3  747504  0.0261  0.0348 0.0636 7.05852e-08  5.11362e-10
2.5  501083  0.0274  0.0347 0.1013 7.4302e-07  1.20902e-09
2.7  245002  0.0251  0.0324 0.0855 0  3.9191e-09
