-1.7  739  0.3761  0.5052 0.4974 0.0749468  3.61085e-10
-1.5  5665  0.2085  0.2659 0.3167 0.114059  9.09729e-11
-1.3  18372  0.1728  0.2188 0.2715 0.103505  4.24589e-11
-1.1  31604  0.1391  0.1761 0.2458 0.0377191  2.45755e-11
-0.9  41549  0.1084  0.1365 0.2065 0.00821281  1.55584e-11
-0.7  68030  0.0919  0.1161 0.211 0.0032355  1.06393e-11
-0.5  115749  0.0892  0.1148 0.1944 0.00220714  8.70796e-12
-0.3  131800  0.0697  0.0886 0.1418 0.000380284  7.55005e-12
-0.1  267501  0.0704  0.0907 0.141 0.000595811  6.5174e-12
0.1  490304  0.0679  0.087 0.1552 0.000822586  6.11213e-12
0.3  719253  0.0601  0.0772 0.104 0.000459985  5.73616e-12
0.5  928418  0.0556  0.0717 0.0954 0.000349382  6.64593e-12
0.7  1115286  0.0528  0.0702 0.0933 0.000422535  9.11962e-12
0.9  1300786  0.0524  0.0728 0.0965 0.000394765  1.22119e-11
1.1  1658505  0.0512  0.0742 0.1088 0.000332815  1.46671e-11
1.3  1801367  0.0467  0.0697 0.112 0.0002867  2.12212e-11
1.5  1808359  0.0523  0.0868 0.2636 0.00028257  3.3502e-11
1.7  1717859  0.0428  0.0687 0.1221 0.000168803  5.59009e-11
1.9  1677667  0.0335  0.0489 0.1004 1.13556e-05  9.07098e-11
2.1  1659507  0.028  0.0401 0.0959 3.59453e-06  1.4535e-10
2.3  1573466  0.0239  0.0338 0.0949 7.96544e-07  2.42956e-10
