-1.3  21  0.4271  0.5713 0.6293 0.000545193  2.69765e-10
-1.1  4142  0.273  0.344 0.3943 0.0170599  1.296e-11
-0.9  17616  0.1717  0.2161 0.3204 0.0110644  3.74549e-12
-0.7  28270  0.114  0.1436 0.2685 0.00242545  1.65904e-12
-0.5  85995  0.1205  0.1569 0.2268 0.00314482  9.84552e-13
-0.3  121849  0.084  0.1083 0.2127 0.000475631  4.46724e-13
-0.1  159950  0.0764  0.1006 0.1966 0.000141404  3.17833e-13
0.1  229863  0.0624  0.0816 0.1588 5.77475e-05  2.45399e-13
0.3  419024  0.065  0.0877 0.1688 6.04045e-05  2.17059e-13
0.5  480810  0.0588  0.08 0.1481 2.11288e-05  2.06684e-13
0.7  506010  0.049  0.0661 0.1208 1.5908e-06  1.89757e-13
0.9  713463  0.0498  0.0671 0.1325 1.11662e-05  2.88112e-13
1.1  869518  0.0463  0.0612 0.0994 7.89329e-06  3.4103e-13
1.3  1060327  0.0484  0.0656 0.0934 6.63018e-06  4.23913e-13
1.5  1184785  0.0514  0.0721 0.099 1.47517e-05  7.49349e-13
1.7  1147308  0.0498  0.07 0.1025 1.17728e-05  1.1474e-12
1.9  1335160  0.0643  0.0957 0.1298 4.02268e-06  1.19491e-12
2.1  1125613  0.0516  0.0704 0.1022 5.65255e-06  2.42403e-12
2.3  1470399  0.0819  0.1186 0.148 2.62254e-06  2.59987e-12
2.5  1711585  0.0754  0.1037 0.1172 1.74484e-06  3.53926e-12
2.7  1617854  0.0718  0.095 0.1155 3.27601e-06  5.9684e-12
2.9  1441133  0.0472  0.0688 0.1084 2.14842e-06  1.05641e-11
