-1.3  21  0.4271  0.5713 0.6293 0.000545193  5.01861e-09
-1.1  6132  0.3228  0.4296 0.473 0.0369456  1.25455e-10
-0.9  17616  0.1717  0.2161 0.3204 0.0110644  4.13401e-11
-0.7  56324  0.1247  0.1577 0.3133 0.00964569  1.93906e-11
-0.5  86810  0.1198  0.1593 0.2709 0.00322948  1.32069e-11
-0.3  135711  0.0896  0.117 0.222 0.000678835  8.36703e-12
-0.1  201980  0.0796  0.1059 0.2075 0.000372423  7.77296e-12
0.1  322766  0.0737  0.0999 0.204 0.00031467  7.47321e-12
0.3  487082  0.0741  0.1024 0.2057 0.000357819  8.0305e-12
0.5  682885  0.0747  0.1054 0.1647 0.000510545  9.80226e-12
0.7  829856  0.0744  0.1069 0.1609 0.000315871  1.15706e-11
0.9  1014820  0.075  0.1112 0.1488 0.000316133  1.49919e-11
1.1  1306332  0.0798  0.1192 0.1688 0.000288804  1.84634e-11
1.3  1541071  0.0948  0.1537 0.1871 0.000300176  2.48059e-11
1.5  1839594  0.1362  0.2324 0.2785 0.000356813  3.36782e-11
1.7  1892517  0.1365  0.2331 0.2733 0.000200721  5.07495e-11
1.9  2015541  0.161  0.2641 0.4345 0.000288941  7.55056e-11
2.1  1961083  0.1231  0.1979 0.2327 8.54925e-05  1.22979e-10
2.3  1816410  0.0877  0.1284 0.1516 1.40147e-05  2.10426e-10
2.5  1711585  0.0754  0.1037 0.1172 1.74484e-06  3.53926e-10
2.7  1640603  0.0716  0.0949 0.1155 4.68194e-06  5.85169e-10
2.9  1441133  0.0472  0.0688 0.1084 2.14842e-06  1.05641e-09
