-1.3  21  0.4271  0.5713 0.6293 0.000545193  1.02384e-09
-1.1  6123  0.3228  0.4296 0.473 0.0368194  3.76264e-11
-0.9  17616  0.1717  0.2161 0.3204 0.0110644  1.14802e-11
-0.7  56324  0.1247  0.1577 0.3133 0.00964569  5.33304e-12
-0.5  85995  0.1205  0.1569 0.2268 0.00314482  3.31655e-12
-0.3  121849  0.084  0.1083 0.2127 0.000475631  1.71405e-12
-0.1  192175  0.0764  0.1006 0.1966 0.000239994  1.35463e-12
0.1  229863  0.0624  0.0816 0.1588 5.77475e-05  1.19297e-12
0.3  419024  0.065  0.0877 0.1688 6.04045e-05  1.04862e-12
0.5  480810  0.0588  0.08 0.1481 2.11288e-05  1.26013e-12
0.7  694039  0.0618  0.085 0.134 6.47529e-05  1.61706e-12
0.9  777980  0.054  0.0738 0.1532 3.31172e-05  1.97129e-12
1.1  1069108  0.0557  0.0763 0.123 4.52509e-05  2.42606e-12
1.3  1179745  0.0542  0.0753 0.1054 2.87208e-05  3.24026e-12
1.5  1270217  0.0578  0.0836 0.1127 3.02662e-05  4.76975e-12
1.7  1480321  0.0867  0.139 0.1555 3.54425e-05  6.6244e-12
1.9  1703382  0.0849  0.1343 0.1747 3.47606e-05  9.08918e-12
2.1  1850371  0.1004  0.1578 0.1631 4.44385e-05  1.39612e-11
2.3  1816410  0.0877  0.1284 0.1516 1.40147e-05  2.10426e-11
2.5  1711585  0.0754  0.1037 0.1172 1.74484e-06  3.53926e-11
2.7  1640603  0.0716  0.0949 0.1155 4.68194e-06  5.85169e-11
2.9  1441133  0.0472  0.0688 0.1084 2.14842e-06  1.05641e-10
