-1.7  739  0.3761  0.5052 0.4974 0.0749468  1.13856e-10
-1.5  5137  0.2031  0.2555 0.3091 0.0931362  2.92562e-11
-1.3  14352  0.1686  0.2137 0.2553 0.062771  1.33856e-11
-1.1  31604  0.1391  0.1761 0.2458 0.0377191  7.38073e-12
-0.9  41549  0.1084  0.1365 0.2065 0.00821281  4.2305e-12
-0.7  50470  0.0873  0.109 0.1747 0.00147163  2.57244e-12
-0.5  73210  0.0728  0.0901 0.1568 0.000611051  1.97711e-12
-0.3  131800  0.0697  0.0886 0.1418 0.000380284  1.46091e-12
-0.1  175249  0.0606  0.0772 0.1365 9.05075e-05  1.10696e-12
0.1  298790  0.0536  0.0677 0.1011 0.00014085  1.16656e-12
0.3  410236  0.0477  0.0598 0.1004 3.6333e-05  9.56771e-13
0.5  593876  0.0429  0.0542 0.0803 2.40168e-05  1.02012e-12
0.7  729256  0.0397  0.0502 0.0623 3.72512e-05  1.35828e-12
0.9  890982  0.0366  0.0465 0.0592 3.2893e-05  1.71856e-12
1.1  1135205  0.035  0.0448 0.0589 3.07222e-05  2.12465e-12
1.3  1618717  0.0433  0.062 0.0972 7.87653e-05  2.90093e-12
1.5  1542161  0.0388  0.0561 0.098 3.14238e-05  3.92859e-12
1.7  1703778  0.0428  0.0685 0.1203 3.56081e-05  5.76315e-12
1.9  1677667  0.0335  0.0489 0.1004 1.13556e-05  9.07098e-12
2.1  1659507  0.028  0.0401 0.0959 3.59453e-06  1.4535e-11
2.3  1573466  0.0239  0.0338 0.0949 7.96544e-07  2.42956e-11
