-0.7  14091  0.1973  0.2488 0.244 0.00611839  5.35345e-12
-0.5  66646  0.1405  0.1724 0.2614 0.00600352  1.77524e-12
-0.3  123160  0.1028  0.1276 0.2242 0.00224692  9.21218e-13
-0.1  153934  0.0729  0.0894 0.1925 0.000146286  3.34918e-13
0.1  270360  0.0708  0.0912 0.1903 8.51737e-05  2.42555e-13
0.3  307783  0.0525  0.0654 0.1318 7.28086e-06  1.49511e-13
0.5  1193236  0.0552  0.0693 0.106 3.9862e-05  1.03534e-13
0.7  1050855  0.0448  0.0559 0.0918 3.93445e-06  9.53415e-14
0.9  1453652  0.0407  0.0509 0.079 1.98258e-06  1.04731e-13
1.1  2049850  0.0389  0.0485 0.0701 5.86652e-07  1.17672e-13
1.3  2516432  0.0368  0.0463 0.0656 1.59315e-05  2.27903e-13
1.5  2939743  0.0368  0.047 0.0638 1.4861e-05  3.02656e-13
1.7  3251173  0.0392  0.0514 0.0742 1.33984e-05  4.20565e-13
1.9  3290075  0.0415  0.0587 0.0873 3.66598e-06  4.75638e-13
2.1  3659930  0.0399  0.0578 0.1016 7.87061e-06  8.0928e-13
2.3  3683080  0.0472  0.0759 0.1039 3.0586e-06  1.03778e-12
2.5  3797774  0.0371  0.0526 0.0986 3.07903e-06  1.59531e-12
2.7  3891271  0.0409  0.0617 0.0867 3.07212e-06  2.46745e-12
2.9  3502284  0.0249  0.0361 0.0796 1.07603e-06  4.34493e-12
