-0.7  21507  0.2472  0.3293 0.3161 0.01523  6.12397e-11
-0.5  77754  0.1451  0.1773 0.2658 0.00848182  2.1149e-11
-0.3  123160  0.1028  0.1276 0.2242 0.00224692  1.30476e-11
-0.1  221438  0.0811  0.1015 0.2036 0.000376911  7.10778e-12
0.1  791556  0.0881  0.1144 0.1538 0.00302455  5.63728e-12
0.3  1140112  0.0767  0.0989 0.1486 0.000824212  4.16769e-12
0.5  1676128  0.0648  0.0828 0.1262 0.000321649  3.62097e-12
0.7  2126259  0.0581  0.0745 0.109 0.00021372  4.51554e-12
0.9  2780857  0.0545  0.0717 0.1042 0.00038765  5.69249e-12
1.1  3401272  0.0538  0.0728 0.1077 0.000343377  7.19642e-12
1.3  3928336  0.0492  0.0688 0.1013 0.000317203  9.73355e-12
1.5  4068780  0.0486  0.0717 0.1045 0.000316998  1.48908e-11
1.7  4440401  0.0708  0.1277 0.1932 0.000350696  2.20384e-11
1.9  4738950  0.0736  0.1359 0.2742 0.000266868  3.21169e-11
2.1  4751583  0.073  0.1313 0.2543 0.000311176  5.07609e-11
2.3  4625688  0.0558  0.097 0.1453 4.56481e-05  8.2665e-11
2.5  4285047  0.0465  0.0746 0.1185 1.03311e-05  1.41394e-10
2.7  4005884  0.0409  0.0617 0.0864 6.75635e-06  2.39702e-10
2.9  3502284  0.0249  0.0361 0.0796 1.07603e-06  4.34493e-10
