-1.3  115  0.3342  0.4606 0 0.000695429  9.89233e-10
-1.1  24453  0.2696  0.3697 0.3619 0.11519  5.31946e-11
-0.9  59675  0.1534  0.1904 0.2507 0.0414933  2.15334e-11
-0.7  57683  0.1033  0.1278 0.1982 0.00342463  1.28016e-11
-0.5  126843  0.0883  0.1106 0.1824 0.00301479  8.82492e-12
-0.3  188698  0.0708  0.0884 0.134 0.000850876  6.3789e-12
-0.1  551808  0.0827  0.1073 0.1351 0.0022263  4.60171e-12
0.1  1163728  0.082  0.1051 0.1212 0.00220357  3.44585e-12
0.3  2044016  0.0734  0.0929 0.1072 0.00222182  3.11844e-12
0.5  2682741  0.062  0.0786 0.0877 0.00103639  2.9865e-12
0.7  2655238  0.0504  0.0637 0.0771 0.000304169  3.61646e-12
0.9  3206540  0.0452  0.0576 0.0717 0.000207564  4.74627e-12
1.1  4145144  0.0429  0.0564 0.1161 0.00027257  5.81757e-12
1.3  4340766  0.0393  0.0538 0.1031 0.00020867  8.80867e-12
1.5  4374113  0.0365  0.0504 0.1579 0.000280458  1.3851e-11
1.7  4301245  0.0316  0.0433 0.2757 0.000264808  2.23241e-11
1.9  4006927  0.0265  0.035 0.1345 4.27334e-05  3.79803e-11
2.1  3908030  0.0233  0.03 0.0844 8.07059e-06  6.17054e-11
2.3  3925914  0.02  0.0267 0.0793 8.59913e-07  9.73993e-11
