-1.3  115  0.3342  0.4606 0 0.000695429  2.08834e-10
-1.1  24453  0.2696  0.3697 0.3619 0.11519  1.74181e-11
-0.9  59675  0.1534  0.1904 0.2507 0.0414933  6.50573e-12
-0.7  57683  0.1033  0.1278 0.1982 0.00342463  3.24026e-12
-0.5  55550  0.0711  0.087 0.1668 0.000346332  2.1149e-12
-0.3  184033  0.0707  0.0883 0.1285 0.00079069  1.3776e-12
-0.1  236120  0.0573  0.0707 0.0994 0.000139739  9.29238e-13
0.1  608983  0.0636  0.0806 0.0963 0.000420682  8.235e-13
0.3  1090000  0.0632  0.0803 0.0964 0.000243486  6.02702e-13
0.5  1942985  0.0551  0.0692 0.0743 0.000312136  5.83201e-13
0.7  1861762  0.0447  0.0559 0.0629 7.2483e-05  6.20182e-13
0.9  2519026  0.0397  0.0499 0.0564 5.27549e-05  6.72565e-13
1.1  3296434  0.0368  0.0466 0.0572 3.1355e-05  7.31577e-13
1.3  3925915  0.0355  0.0463 0.0765 4.24329e-05  1.03267e-12
1.5  3788738  0.0314  0.0406 0.0776 2.45877e-05  1.59916e-12
1.7  3942312  0.0288  0.0378 0.0771 3.44069e-05  2.47268e-12
1.9  3988656  0.0265  0.035 0.0904 3.02936e-05  3.81521e-12
2.1  3908030  0.0233  0.03 0.0844 8.07059e-06  6.17054e-12
2.3  3925914  0.02  0.0267 0.0793 8.59913e-07  9.73993e-12
