-0.7  14091  0.1973  0.2488 0.244 0.00611839  1.72474e-11
-0.5  66646  0.1405  0.1724 0.2614 0.00600352  5.72787e-12
-0.3  123160  0.1028  0.1276 0.2242 0.00224692  3.16933e-12
-0.1  221438  0.0811  0.1015 0.2036 0.000376911  1.37384e-12
0.1  270360  0.0708  0.0912 0.1903 8.51737e-05  1.11857e-12
0.3  900514  0.0682  0.0868 0.1329 0.000309839  7.91569e-13
0.5  1193236  0.0552  0.0693 0.106 3.9862e-05  5.3129e-13
0.7  1593944  0.0493  0.0618 0.0909 3.18328e-05  6.02474e-13
0.9  2102625  0.0457  0.0575 0.0814 3.48174e-05  7.36556e-13
1.1  2761476  0.044  0.0563 0.0773 2.97128e-05  8.73525e-13
1.3  2847283  0.0399  0.0512 0.0733 3.62954e-05  1.37775e-12
1.5  3231976  0.0403  0.0532 0.0754 3.59276e-05  1.91944e-12
1.7  3428542  0.0398  0.0534 0.0778 3.19009e-05  2.80108e-12
1.9  4166846  0.0487  0.0754 0.1075 3.403e-05  3.69997e-12
2.1  4322436  0.0525  0.0856 0.1127 2.862e-05  5.57888e-12
2.3  4608252  0.0558  0.097 0.1453 3.3622e-05  8.38131e-12
2.5  4285047  0.0465  0.0746 0.1185 1.03311e-05  1.41394e-11
2.7  4005884  0.0409  0.0617 0.0864 6.75635e-06  2.39702e-11
2.9  3502284  0.0249  0.0361 0.0796 1.07603e-06  4.34493e-11
