-1.7  98  0.3644  0.4996 0.5043 0.0110337  3.24664e-10
-1.5  3768  0.3168  0.4364 0.4272 0.108903  4.35798e-11
-1.3  9004  0.1771  0.2245 0.2717 0.0512628  1.91609e-11
-1.1  32400  0.1543  0.1921 0.26 0.0510061  8.41793e-12
-0.9  40451  0.1164  0.1446 0.2093 0.0113927  5.06847e-12
-0.7  51897  0.0915  0.1138 0.179 0.00190286  2.78803e-12
-0.5  102698  0.081  0.1013 0.1679 0.00115227  1.81049e-12
-0.3  195266  0.0715  0.0899 0.1306 0.000730163  1.25848e-12
-0.1  252492  0.0588  0.0727 0.1011 0.000111759  8.14195e-13
0.1  868321  0.0677  0.0855 0.0999 0.00082031  7.4402e-13
0.3  1612164  0.0609  0.0762 0.086 0.00047932  5.17167e-13
0.5  1956862  0.0494  0.0615 0.0668 0.000205748  5.03411e-13
0.7  1983366  0.041  0.0509 0.0591 2.84189e-05  4.84153e-13
0.9  2403631  0.0352  0.0436 0.0516 3.33124e-05  6.38699e-13
1.1  3247755  0.0333  0.0418 0.0596 4.5376e-05  7.99123e-13
1.3  3619420  0.0317  0.0404 0.0783 2.16079e-05  1.05628e-12
1.5  3630820  0.0284  0.0367 0.0746 3.03526e-05  1.66789e-12
1.7  3613221  0.027  0.0349 0.1613 2.1576e-05  2.65741e-12
1.9  3514712  0.0233  0.03 0.0993 9.17967e-06  4.32977e-12
2.1  3442006  0.0209  0.0274 0.0809 9.28028e-07  7.00851e-12
2.3  3489000  0.0193  0.0257 0.0797 3.77252e-07  1.09582e-11
