-1.3  1  0.4247  0.5907 0.1442 0.00118505  1.92816e-08
-1.1  3681  0.3623  0.5011 0.4234 0.0350789  6.10697e-11
-0.9  14234  0.2261  0.2834 0.2674 0.0154288  1.66605e-11
-0.7  38774  0.1634  0.2062 0.2326 0.00968477  7.7626e-12
-0.5  89072  0.1157  0.1455 0.1981 0.00473614  3.84688e-12
-0.3  67405  0.0781  0.0978 0.1572 0.000130985  2.01469e-12
-0.1  233518  0.07  0.0893 0.1811 0.000159924  9.78874e-13
0.1  252844  0.0576  0.0738 0.1633 3.36422e-05  9.64178e-13
0.3  767054  0.0611  0.0777 0.1291 8.47853e-05  6.2407e-13
0.5  1257327  0.0536  0.0676 0.1086 4.90466e-05  5.27604e-13
0.7  1887014  0.0513  0.0654 0.0972 7.72013e-05  6.21792e-13
0.9  2004964  0.0463  0.0585 0.0904 4.01912e-05  7.95594e-13
1.1  2651765  0.0436  0.0561 0.0786 2.86116e-05  9.09583e-13
1.3  2982674  0.0411  0.0546 0.0804 3.84104e-05  1.33055e-12
1.5  3136577  0.0409  0.0569 0.0849 3.58733e-05  1.97711e-12
1.7  3640340  0.0413  0.0585 0.0875 3.85977e-05  2.74152e-12
1.9  3773807  0.0422  0.0617 0.0897 3.36238e-05  4.07502e-12
2.1  3705251  0.0402  0.0601 0.1103 3.28573e-05  6.5489e-12
2.3  3494983  0.0353  0.0506 0.0791 4.15466e-06  1.09391e-11
2.5  3247122  0.0328  0.0447 0.0674 9.54063e-07  1.86656e-11
2.7  3167748  0.0301  0.0421 0.0609 2.39083e-06  3.03129e-11
2.9  2900403  0.0193  0.0254 0.0627 4.71305e-07  5.24667e-11
