-1.3  1  0.4247  0.5907 0.1442 0.00118505  5.37679e-09
-1.1  1858  0.3286  0.4515 0.4312 0.00905751  2.00061e-11
-0.9  14234  0.2261  0.2834 0.2674 0.0154288  5.62712e-12
-0.7  29952  0.1606  0.2128 0.3028 0.00570916  2.42765e-12
-0.5  63850  0.1063  0.1333 0.1856 0.00230686  1.1358e-12
-0.3  67405  0.0781  0.0978 0.1572 0.000130985  4.6081e-13
-0.1  232383  0.0696  0.0886 0.1809 0.000157781  2.28973e-13
0.1  252844  0.0576  0.0738 0.1633 3.36422e-05  1.83135e-13
0.3  412104  0.0525  0.0667 0.1354 1.16673e-05  1.26868e-13
0.5  960523  0.0489  0.0613 0.0921 2.05267e-05  1.02493e-13
0.7  1335720  0.047  0.059 0.0989 1.00024e-05  9.41341e-14
0.9  1781044  0.0406  0.0508 0.0775 9.30799e-06  1.09685e-13
1.1  2292595  0.0394  0.0495 0.0701 1.01541e-06  1.05204e-13
1.3  2982674  0.0411  0.0546 0.0804 3.84104e-05  2.57882e-13
1.5  2779096  0.0359  0.0465 0.0705 1.20169e-05  3.00733e-13
1.7  3016584  0.0365  0.0481 0.0755 1.10094e-05  4.28212e-13
1.9  3179205  0.0421  0.0614 0.097 1.89366e-06  4.78671e-13
2.1  3039165  0.0325  0.0427 0.0737 3.18391e-06  7.93536e-13
2.3  3487571  0.0353  0.0506 0.0791 3.26277e-06  1.10092e-12
2.5  3247122  0.0328  0.0447 0.0674 9.54063e-07  1.86656e-12
2.7  3167748  0.0301  0.0421 0.0609 2.39083e-06  3.03129e-12
2.9  2900403  0.0193  0.0254 0.0627 4.71305e-07  5.24667e-12
