-1.7  98  0.3644  0.4996 0.5043 0.0110337  1.16981e-09
-1.5  3768  0.3168  0.4364 0.4272 0.108903  1.338e-10
-1.3  13072  0.2181  0.292 0.3667 0.106813  6.05694e-11
-1.1  32400  0.1543  0.1921 0.26 0.0510061  2.74768e-11
-0.9  73984  0.1417  0.1799 0.2451 0.0388799  1.68687e-11
-0.7  73714  0.1011  0.1268 0.1949 0.0042966  1.08689e-11
-0.5  138582  0.0899  0.1142 0.1764 0.00281547  7.89084e-12
-0.3  320490  0.0894  0.1157 0.1532 0.00327564  5.69875e-12
-0.1  763745  0.0908  0.1167 0.138 0.00365376  3.93854e-12
0.1  1492680  0.0813  0.1036 0.1272 0.00362402  3.1843e-12
0.3  1611954  0.0608  0.0761 0.0851 0.00047932  2.58264e-12
0.5  2327359  0.0528  0.0659 0.0723 0.000478135  2.83429e-12
0.7  2687594  0.0455  0.0575 0.0682 0.000314994  3.57259e-12
0.9  3239322  0.0422  0.0546 0.0793 0.00031909  4.69876e-12
1.1  3967188  0.0377  0.0489 0.0949 0.00031993  6.0842e-12
1.3  4102433  0.0346  0.0456 0.1962 0.000333797  9.40187e-12
1.5  3849041  0.0297  0.0391 0.2091 0.000193455  1.574e-11
1.7  3613221  0.027  0.0349 0.1613 3.80092e-05  2.65741e-11
1.9  3514712  0.0233  0.03 0.0993 9.17967e-06  4.32977e-11
2.1  3442006  0.0209  0.0274 0.0809 9.28028e-07  7.00851e-11
2.3  3489000  0.0193  0.0257 0.0797 3.77252e-07  1.09582e-10
