-1.3  1  0.4247  0.5907 0.1442 0.00118505  8.52801e-08
-1.1  3681  0.3623  0.5011 0.4234 0.0350789  2.04307e-10
-0.9  16308  0.2436  0.3305 0.3499 0.0206426  5.79726e-11
-0.7  56615  0.1722  0.2202 0.2457 0.0217487  2.70639e-11
-0.5  111424  0.1287  0.1638 0.2213 0.00840844  1.47082e-11
-0.3  146007  0.1014  0.1306 0.213 0.00126861  9.21621e-12
-0.1  233518  0.07  0.0893 0.1811 0.000159924  6.5174e-12
0.1  781012  0.0863  0.1125 0.1356 0.00184658  4.85009e-12
0.3  1004239  0.0664  0.0851 0.1393 0.000313511  3.80667e-12
0.5  1667139  0.0619  0.0792 0.1233 0.000385868  3.77639e-12
0.7  2202750  0.057  0.0745 0.1064 0.000367498  4.48334e-12
0.9  2648928  0.0551  0.0742 0.1084 0.000274649  5.74506e-12
1.1  3106654  0.0518  0.0707 0.1052 0.000311639  7.76269e-12
1.3  3634900  0.0525  0.0775 0.1151 0.000265635  1.05181e-11
1.5  3799969  0.0512  0.0793 0.1553 0.000318534  1.59435e-11
1.7  4115947  0.0514  0.0809 0.2146 0.000285229  2.33303e-11
1.9  4034254  0.0488  0.0771 0.1872 0.000125348  3.77275e-11
2.1  3705251  0.0402  0.0601 0.1103 3.28573e-05  6.50827e-11
2.3  3494983  0.0353  0.0506 0.0791 4.15466e-06  1.09391e-10
2.5  3247122  0.0328  0.0447 0.0674 9.54063e-07  1.86656e-10
2.7  3167748  0.0301  0.0421 0.0609 2.39083e-06  3.03129e-10
2.9  2900403  0.0193  0.0254 0.0627 4.71305e-07  5.24667e-10
