-1.3  1  0.4248  0.591 0.3847 0.00121314  1.94667e-08
-1.1  3679  0.3629  0.5023 0.4202 0.0353164  6.13123e-11
-0.9  14047  0.2261  0.2833 0.2657 0.0152488  1.67874e-11
-0.7  36261  0.1638  0.2066 0.2284 0.00853546  7.82001e-12
-0.5  82092  0.1176  0.1477 0.1905 0.00345287  3.62097e-12
-0.3  117580  0.0836  0.1064 0.2116 0.000601576  1.93983e-12
-0.1  237953  0.0695  0.0878 0.1769 0.000137546  9.17713e-13
0.1  623046  0.0664  0.0835 0.1497 0.000368496  7.67381e-13
0.3  1284771  0.0596  0.0747 0.108 0.000203699  4.82276e-13
0.5  1815475  0.0522  0.0657 0.1059 6.94271e-05  3.96865e-13
0.7  2022876  0.0435  0.0546 0.0906 2.3362e-05  4.74494e-13
0.9  2778720  0.0443  0.057 0.0866 3.15166e-05  5.47716e-13
1.1  3453702  0.0423  0.0554 0.079 1.5703e-05  6.98312e-13
1.3  3699654  0.0414  0.0555 0.0771 2.85775e-05  1.03331e-12
1.5  3696308  0.0365  0.0479 0.07 3.93473e-05  1.71115e-12
1.7  3982189  0.0365  0.0482 0.0723 3.44491e-05  2.44853e-12
1.9  4517372  0.0387  0.0543 0.088 3.23269e-05  3.37849e-12
2.1  4147328  0.034  0.0473 0.078 1.18737e-05  5.81503e-12
2.3  3832360  0.0295  0.041 0.0696 2.19927e-06  9.97593e-12
2.5  3742704  0.0272  0.0381 0.0652 8.63234e-07  1.61822e-11
2.7  3749279  0.0256  0.0349 0.0618 2.3634e-06  2.56122e-11
2.9  3196922  0.0172  0.0238 0.0704 1.15665e-06  4.76042e-11
