-1.7  98  0.3644  0.4996 0.5085 0.0115618  1.19214e-09
-1.5  3767  0.3168  0.4362 0.4272 0.110891  1.34985e-10
-1.3  12655  0.218  0.2919 0.3667 0.104173  6.1817e-11
-1.1  31135  0.1529  0.1904 0.2601 0.0488049  2.80227e-11
-0.9  70501  0.1365  0.1719 0.2453 0.0350335  1.68966e-11
-0.7  70981  0.1011  0.1268 0.1957 0.00400225  1.09965e-11
-0.5  129093  0.0866  0.1093 0.1789 0.00221614  7.81874e-12
-0.3  166788  0.0676  0.0841 0.1374 0.00039495  6.01267e-12
-0.1  966916  0.1135  0.1541 0.1698 0.0113881  4.80895e-12
0.1  1307361  0.0832  0.1089 0.1112 0.00337028  3.54488e-12
0.3  1718756  0.0649  0.0836 0.0901 0.000685035  2.63622e-12
0.5  2366791  0.0572  0.0741 0.0864 0.000475934  2.78302e-12
0.7  2919264  0.0498  0.0644 0.1433 0.000360945  3.37176e-12
0.9  3546924  0.0461  0.0606 0.2038 0.000317051  4.29034e-12
1.1  4239043  0.0406  0.0533 0.1704 0.000340189  5.76425e-12
1.3  4035193  0.0339  0.0441 0.1655 0.000164929  9.47203e-12
1.5  3687281  0.0295  0.0384 0.1362 0.00029388  1.64386e-11
1.7  3501028  0.0268  0.0349 0.1313 5.16332e-05  2.74273e-11
1.9  3356688  0.0244  0.0314 0.149 1.21028e-05  4.53398e-11
2.1  3300594  0.0219  0.0289 0.0921 1.78116e-06  7.30815e-11
2.3  3279440  0.0214  0.0284 0.0907 3.44238e-07  1.16535e-10
