-1.7  98  0.3644  0.4996 0.5085 0.0115618  3.32e-10
-1.5  3767  0.3168  0.4362 0.4272 0.110891  4.40285e-11
-1.3  8926  0.1771  0.2245 0.2716 0.0516312  1.94023e-11
-1.1  31135  0.1529  0.1904 0.2601 0.0488049  8.56047e-12
-0.9  70501  0.1365  0.1719 0.2453 0.0350335  5.0507e-12
-0.7  70981  0.1011  0.1268 0.1957 0.00400225  2.82311e-12
-0.5  101778  0.0803  0.1001 0.1576 0.00119437  1.85535e-12
-0.3  166788  0.0676  0.0841 0.1374 0.00039495  1.16994e-12
-0.1  214251  0.0558  0.0689 0.104 0.000124074  9.88781e-13
0.1  940463  0.0724  0.0933 0.115 0.00139929  8.52956e-13
0.3  1718756  0.0649  0.0836 0.0901 0.000685035  5.5531e-13
0.5  1836575  0.0514  0.0657 0.078 0.000184842  5.18312e-13
0.7  2296410  0.0438  0.0558 0.068 8.46738e-05  5.23593e-13
0.9  2629399  0.0378  0.0481 0.0644 3.08931e-05  5.78752e-13
1.1  3178092  0.0346  0.0441 0.0684 3.58038e-05  7.76777e-13
1.3  3752426  0.032  0.0412 0.0714 3.03004e-05  1.01864e-12
1.5  3667527  0.0296  0.0384 0.1184 3.09788e-05  1.65187e-12
1.7  3500707  0.0268  0.0349 0.1313 2.87834e-05  2.74273e-12
1.9  3356688  0.0244  0.0314 0.149 1.21028e-05  4.53398e-12
2.1  3300594  0.0219  0.0289 0.0921 1.78116e-06  7.30815e-12
2.3  3279440  0.0214  0.0284 0.0907 3.44238e-07  1.16535e-11
