-1.3  1  0.4248  0.591 0.3847 0.00121314  5.43716e-09
-1.1  1856  0.3292  0.4526 0.4234 0.0093495  2.03801e-11
-0.9  14047  0.2261  0.2833 0.2657 0.0152488  5.66267e-12
-0.7  24434  0.1355  0.172 0.2968 0.00403284  2.48186e-12
-0.5  82092  0.1176  0.1477 0.1905 0.00345287  1.08149e-12
-0.3  61755  0.075  0.0947 0.2064 0.000108138  4.65237e-13
-0.1  237953  0.0695  0.0878 0.1769 0.000137546  2.11181e-13
0.1  315228  0.0558  0.0692 0.1168 5.10719e-05  1.70871e-13
0.3  903198  0.0531  0.0661 0.1146 7.90512e-05  1.11751e-13
0.5  1478222  0.0473  0.0587 0.1016 4.00008e-05  8.36829e-14
0.7  1371960  0.0384  0.0475 0.0894 4.94636e-06  7.67883e-14
0.9  1925318  0.0363  0.0453 0.077 2.26883e-06  7.90438e-14
1.1  3183731  0.0395  0.0507 0.0711 7.45603e-06  9.17455e-14
1.3  2562738  0.0317  0.04 0.0556 3.56492e-07  1.49192e-13
1.5  2769896  0.0306  0.0391 0.0533 4.62883e-06  2.36325e-13
1.7  2726583  0.0291  0.0371 0.0519 8.41432e-06  4.40285e-13
1.9  3800121  0.0327  0.0433 0.0713 2.64463e-06  4.00425e-13
2.1  3494513  0.0282  0.0374 0.0648 1.38066e-06  6.90186e-13
2.3  3832360  0.0295  0.041 0.0696 2.19927e-06  9.97593e-13
2.5  3742704  0.0272  0.0381 0.0652 8.63234e-07  1.61822e-12
2.7  3749279  0.0256  0.0349 0.0618 2.3634e-06  2.56122e-12
2.9  3196922  0.0172  0.0238 0.0704 1.15665e-06  4.76042e-12
