-1.3  1  0.4248  0.591 0.3847 0.00121314  8.58435e-08
-1.1  3679  0.3629  0.5023 0.4202 0.0353164  2.05015e-10
-0.9  16104  0.2444  0.3322 0.3485 0.0210473  5.91915e-11
-0.7  52588  0.1733  0.2213 0.2382 0.0205875  2.84607e-11
-0.5  117554  0.1342  0.1699 0.2125 0.00870899  1.41362e-11
-0.3  204489  0.0917  0.1171 0.2019 0.00252238  8.1658e-12
-0.1  437091  0.09  0.1144 0.1763 0.00157422  5.20422e-12
0.1  1112669  0.0785  0.1001 0.168 0.00205429  3.52457e-12
0.3  1384075  0.0594  0.0745 0.1178 0.000293223  2.76188e-12
0.5  2212511  0.0574  0.0734 0.1107 0.000487566  2.99451e-12
0.7  2725618  0.0514  0.0666 0.1048 0.000419058  3.72552e-12
0.9  3177780  0.0524  0.0697 0.1394 0.000340205  4.8514e-12
1.1  3951721  0.0479  0.0653 0.0955 0.000254733  6.10452e-12
1.3  4360996  0.0436  0.0598 0.1072 0.000281939  8.76402e-12
1.5  4573554  0.0426  0.0593 0.1513 0.000291197  1.3247e-11
1.7  4879881  0.0455  0.068 0.1252 0.000283008  1.9676e-11
1.9  4519778  0.0387  0.0543 0.088 3.436e-05  3.36737e-11
2.1  4147328  0.034  0.0473 0.078 1.18737e-05  5.81503e-11
2.3  3832360  0.0295  0.041 0.0696 2.19927e-06  9.97593e-11
2.5  3742704  0.0272  0.0381 0.0652 8.63234e-07  1.61822e-10
2.7  3749279  0.0256  0.0349 0.0618 2.3634e-06  2.56122e-10
2.9  3196922  0.0172  0.0238 0.0704 1.15665e-06  4.76042e-10
