-1.7  338  0.3524  0.4767 0.5062 0.0256321  4.85657e-10
-1.5  7294  0.2847  0.3908 0.4444 0.226288  9.84872e-11
-1.3  16763  0.1628  0.2067 0.2737 0.103295  4.64835e-11
-1.1  26671  0.1225  0.1523 0.2554 0.0295961  2.61525e-11
-0.9  51912  0.1479  0.1991 0.2441 0.0183305  1.73105e-11
-0.7  54009  0.0961  0.1214 0.2044 0.00284647  1.28207e-11
-0.5  94004  0.0962  0.1257 0.1884 0.00168458  9.83751e-12
-0.3  786404  0.1456  0.1859 0.1982 0.0373972  6.20987e-12
-0.1  958299  0.1105  0.1391 0.1492 0.00726758  4.05682e-12
0.1  1688295  0.0835  0.1038 0.1181 0.00419273  2.96592e-12
0.3  1779107  0.0635  0.0779 0.0827 0.000505803  2.36896e-12
0.5  2445873  0.0548  0.0682 0.0765 0.000456784  2.66927e-12
0.7  2654733  0.0473  0.0593 0.0719 0.000360278  3.7062e-12
0.9  3064973  0.0418  0.0532 0.082 0.000310579  4.96564e-12
1.1  3882258  0.0386  0.0498 0.1003 0.000319071  6.21371e-12
1.3  4092057  0.0359  0.0482 0.1348 0.000283585  9.34446e-12
1.5  4046903  0.0304  0.0399 0.2438 0.000300486  1.4971e-11
1.7  3785942  0.0274  0.0354 0.1949 9.69974e-05  2.53627e-11
1.9  3635236  0.0243  0.0305 0.0908 7.85038e-06  4.18622e-11
2.1  3566673  0.0211  0.0275 0.084 2.30204e-06  6.7622e-11
2.3  3490257  0.0198  0.0261 0.0824 4.86136e-07  1.09518e-10
