-1.3  8  0.362  0.4943 0.6377 3.20287e-06  1.07254e-09
-1.1  5662  0.25  0.3135 0.3119 0.0235449  3.2491e-11
-0.9  24407  0.159  0.2039 0.307 0.019109  1.07819e-11
-0.7  25003  0.1032  0.1299 0.2486 0.00121167  4.79151e-12
-0.5  74986  0.0963  0.1223 0.2049 0.00162348  2.85993e-12
-0.3  89121  0.0716  0.0913 0.1919 0.000214076  1.77482e-12
-0.1  149919  0.0669  0.0854 0.1899 0.000150962  1.49818e-12
0.1  548496  0.0913  0.119 0.2027 0.000588008  1.03553e-12
0.3  1125355  0.0738  0.0935 0.1547 0.0003056  6.3064e-13
0.5  1469304  0.0577  0.0718 0.1132 4.62838e-05  4.45572e-13
0.7  1731845  0.0524  0.0656 0.1154 2.0176e-05  5.54582e-13
0.9  2085654  0.0419  0.052 0.0796 2.1409e-05  7.29682e-13
1.1  2851581  0.0448  0.0576 0.0932 2.74783e-05  8.45846e-13
1.3  3050209  0.0389  0.0507 0.0767 3.97553e-05  1.31078e-12
1.5  2984366  0.0386  0.0516 0.0813 3.17592e-05  2.02999e-12
1.7  3558335  0.0409  0.058 0.0838 2.45624e-05  2.69846e-12
1.9  3733309  0.0425  0.0636 0.0922 3.05459e-05  4.07603e-12
2.1  3724343  0.0413  0.0632 0.1321 2.92609e-05  6.47526e-12
2.3  3676801  0.04  0.0604 0.0957 5.18415e-06  1.03969e-11
2.5  3363435  0.0367  0.0537 0.0761 2.49751e-06  1.80087e-11
2.7  3206280  0.0339  0.0492 0.0695 3.06398e-06  2.99466e-11
2.9  2894574  0.0206  0.0278 0.0666 4.70615e-07  5.25779e-11
