-1.3  8  0.362  0.4943 0.6377 3.20287e-06  1.07375e-10
-1.1  5662  0.25  0.3135 0.3119 0.0235449  1.15953e-11
-0.9  24407  0.159  0.2039 0.307 0.019109  3.73787e-12
-0.7  25003  0.1032  0.1299 0.2486 0.00121167  1.33884e-12
-0.5  74986  0.0963  0.1223 0.2049 0.00162348  8.14238e-13
-0.3  89121  0.0716  0.0913 0.1919 0.000214076  4.29016e-13
-0.1  130079  0.0644  0.0823 0.1809 9.38697e-05  3.30672e-13
0.1  435648  0.0821  0.1064 0.1828 0.000316476  2.61296e-13
0.3  410298  0.0632  0.0814 0.1609 1.76627e-05  1.44345e-13
0.5  1469304  0.0577  0.0718 0.1132 4.62838e-05  8.87779e-14
0.7  1383704  0.0474  0.0588 0.1016 5.79958e-06  7.90018e-14
0.9  1843146  0.0416  0.0515 0.0852 9.44653e-06  1.0645e-13
1.1  2376515  0.0391  0.0487 0.076 4.26466e-06  1.07743e-13
1.3  3050209  0.0389  0.0507 0.0767 3.97553e-05  2.5533e-13
1.5  2876286  0.0373  0.0488 0.0743 2.13433e-05  3.46556e-13
1.7  2974261  0.0368  0.0488 0.0741 1.08861e-05  4.33041e-13
1.9  3103376  0.037  0.0505 0.0825 1.88834e-06  4.90397e-13
2.1  2853887  0.0348  0.0482 0.0824 3.11245e-06  8.45084e-13
2.3  3522271  0.04  0.0603 0.0962 2.22806e-06  1.08498e-12
2.5  3363435  0.0367  0.0537 0.0761 2.49751e-06  1.80087e-12
2.7  3206280  0.0339  0.0492 0.0695 3.06398e-06  2.99466e-12
2.9  2894574  0.0206  0.0278 0.0666 4.70615e-07  5.25779e-12
