-1.3  14  0.362  0.4943 0.6377 0.000804295  8.11348e-09
-1.1  10051  0.292  0.3999 0.4312 0.0782116  1.07865e-10
-0.9  24407  0.159  0.2039 0.307 0.019109  3.74803e-11
-0.7  43789  0.1162  0.1481 0.2748 0.00445146  1.85295e-11
-0.5  91637  0.1087  0.141 0.229 0.00293809  1.21078e-11
-0.3  134830  0.0856  0.1124 0.1957 0.000694806  8.47167e-12
-0.1  321970  0.0993  0.1313 0.1631 0.0023671  8.04692e-12
0.1  548496  0.0913  0.119 0.2027 0.000588008  5.02277e-12
0.3  1125355  0.0738  0.0935 0.1547 0.0003056  3.39717e-12
0.5  1806927  0.0641  0.0811 0.128 0.000423261  3.55368e-12
0.7  2232853  0.0556  0.071 0.1081 0.000313298  4.30224e-12
0.9  2794390  0.0513  0.0678 0.1064 0.000297748  5.44583e-12
1.1  3379162  0.0552  0.0791 0.1263 0.000397881  7.46559e-12
1.3  3660440  0.053  0.0799 0.1284 0.000335718  1.055e-11
1.5  3837356  0.0584  0.1001 0.188 0.000402126  1.65507e-11
1.7  4057965  0.0596  0.1045 0.2181 0.000292377  2.36643e-11
1.9  4147027  0.0587  0.101 0.2034 0.000122476  3.66964e-11
2.1  3905504  0.0474  0.0769 0.1461 4.87563e-05  6.17562e-11
2.3  3676801  0.04  0.0604 0.0957 5.18415e-06  1.03969e-10
2.5  3363435  0.0367  0.0537 0.0761 2.49751e-06  1.80087e-10
2.7  3206280  0.0339  0.0492 0.0695 3.06398e-06  2.99466e-10
2.9  2894574  0.0206  0.0278 0.0666 4.70615e-07  5.25779e-10
