-1.7  338  0.3524  0.4767 0.5062 0.0256321  1.42304e-10
-1.5  7294  0.2847  0.3908 0.4444 0.226288  3.4928e-11
-1.3  15731  0.1653  0.2096 0.2686 0.0905952  1.4915e-11
-1.1  26671  0.1225  0.1523 0.2554 0.0295961  7.73354e-12
-0.9  51912  0.1479  0.1991 0.2441 0.0183305  4.9669e-12
-0.7  54009  0.0961  0.1214 0.2044 0.00284647  3.18924e-12
-0.5  94004  0.0962  0.1257 0.1884 0.00168458  2.31678e-12
-0.3  317574  0.1172  0.1518 0.1929 0.00535644  1.80823e-12
-0.1  958299  0.1105  0.1391 0.1492 0.00726758  1.0928e-12
0.1  1138120  0.0791  0.0981 0.1154 0.00129794  6.8333e-13
0.3  1779150  0.0635  0.0779 0.0838 0.000505803  4.78067e-13
0.5  1933403  0.0507  0.0623 0.0683 9.38133e-05  4.03274e-13
0.7  2150230  0.0436  0.0535 0.0661 6.62845e-05  5.25203e-13
0.9  2466635  0.0379  0.0469 0.0561 3.568e-05  6.30915e-13
1.1  3122541  0.0341  0.0424 0.0588 2.29436e-05  7.7246e-13
1.3  3744235  0.0323  0.0409 0.0832 4.58063e-05  1.10092e-12
1.5  3744006  0.0286  0.0366 0.0712 3.07653e-05  1.61822e-12
1.7  3692186  0.0274  0.0354 0.0968 2.80397e-05  2.60066e-12
1.9  3635236  0.0243  0.0305 0.0908 7.85038e-06  4.18622e-12
2.1  3566673  0.0211  0.0275 0.084 2.30204e-06  6.7622e-12
2.3  3490257  0.0198  0.0261 0.0824 4.86136e-07  1.09518e-11
