-1.7  201  0.3626  0.4919 0.5108 0.0202763  7.37351e-10
-1.5  5679  0.3038  0.4191 0.4307 0.164916  1.08325e-10
-1.3  17481  0.2051  0.2758 0.3722 0.12276  4.8375e-11
-1.1  40243  0.1446  0.181 0.2594 0.0699813  2.55763e-11
-0.9  76381  0.1247  0.1574 0.2473 0.0345432  1.55e-11
-0.7  85132  0.0967  0.1223 0.1983 0.00494227  9.90577e-12
-0.5  108606  0.0782  0.0978 0.1744 0.00106511  7.43421e-12
-0.3  154509  0.0665  0.083 0.1448 0.000493871  6.81355e-12
-0.1  242421  0.0602  0.0762 0.1373 0.000327247  6.31016e-12
0.1  327616  0.062  0.0859 0.1841 0.000362302  7.55193e-12
0.3  441482  0.0585  0.0834 0.2347 0.000277004  8.65559e-12
0.5  521039  0.0476  0.067 0.2643 0.000166528  1.16272e-11
0.7  525173  0.039  0.0537 0.2607 6.78567e-05  1.82835e-11
0.9  512611  0.0335  0.0449 0.2893 0.0001905  2.96907e-11
1.1  564465  0.0282  0.0385 0.2035 1.51362e-05  4.27367e-11
1.3  527718  0.0256  0.0344 0.1672 3.04723e-06  7.24595e-11
1.5  477670  0.0234  0.0301 0.16 8.04183e-07  1.2683e-10
1.7  462345  0.0212  0.028 0.1487 0  2.07666e-10
1.9  424680  0.019  0.0263 0.156 2.05722e-07  3.58371e-10
2.1  399698  0.0187  0.0246 0.2099 0  6.03341e-10
2.3  369347  0.0192  0.0264 0.1311 0  1.03523e-09
