-1.7  201  0.3626  0.4919 0.5108 0.0202763  2.12977e-10
-1.5  5679  0.3038  0.4191 0.4307 0.164916  3.68666e-11
-1.3  10916  0.1514  0.1883 0.2739 0.0518036  1.58929e-11
-1.1  40243  0.1446  0.181 0.2594 0.0699813  8.02064e-12
-0.9  40457  0.1048  0.1303 0.2004 0.00850534  4.41587e-12
-0.7  67636  0.0895  0.1114 0.1804 0.00261453  2.4538e-12
-0.5  92911  0.0741  0.0918 0.1488 0.000624397  1.57096e-12
-0.3  135258  0.0631  0.0783 0.1328 0.000286224  1.28866e-12
-0.1  222063  0.0587  0.0743 0.1302 0.000154669  1.01901e-12
0.1  238936  0.0486  0.0624 0.1368 9.84672e-05  1.31613e-12
0.3  349100  0.045  0.0583 0.1162 5.0831e-05  1.20872e-12
0.5  447375  0.0401  0.0539 0.1493 3.26828e-05  1.36091e-12
0.7  520713  0.039  0.0537 0.2392 3.36085e-05  1.86336e-12
0.9  511780  0.0335  0.0449 0.2893 3.41408e-05  3.01456e-12
1.1  564465  0.0282  0.0385 0.2035 1.51362e-05  4.27367e-12
1.3  527718  0.0256  0.0344 0.1672 3.04723e-06  7.24595e-12
1.5  477670  0.0234  0.0301 0.16 8.04183e-07  1.2683e-11
1.7  462345  0.0212  0.028 0.1487 0  2.07666e-11
1.9  424680  0.019  0.0263 0.156 2.05722e-07  3.58371e-11
2.1  399698  0.0187  0.0246 0.2099 0  6.03341e-11
2.3  369347  0.0192  0.0264 0.1311 0  1.03523e-10
