-1.3  1  0.4266  0.5941 0.5502 0.00105793  1.84083e-08
-1.1  3687  0.364  0.5043 0.4317 0.0376142  6.31623e-11
-0.9  16242  0.2442  0.3322 0.3532 0.0242488  1.82221e-11
-0.7  28759  0.1608  0.2133 0.3037 0.00525307  7.87741e-12
-0.5  85090  0.1165  0.1463 0.2012 0.00472647  4.02312e-12
-0.3  139997  0.1027  0.1329 0.2136 0.00114439  2.10001e-12
-0.1  191242  0.0641  0.0803 0.1762 0.000104444  1.05439e-12
0.1  306953  0.0599  0.077 0.1512 9.15681e-05  1.00455e-12
0.3  407281  0.0515  0.0663 0.1527 4.27068e-05  9.96955e-13
0.5  604717  0.0535  0.0715 0.1342 3.77561e-05  1.03646e-12
0.7  811498  0.0533  0.0737 0.1319 3.3269e-05  1.19328e-12
0.9  978729  0.0481  0.0668 0.1116 4.60056e-05  1.67813e-12
1.1  1162735  0.0443  0.0605 0.0997 1.96167e-05  2.07437e-12
1.3  1295904  0.0406  0.056 0.0936 2.09421e-05  2.95004e-12
1.5  1538968  0.0493  0.0759 0.1104 3.31872e-05  3.96865e-12
1.7  1517085  0.0555  0.0867 0.1667 3.03686e-05  6.33061e-12
1.9  1432809  0.0499  0.0758 0.1316 1.44109e-05  1.06248e-11
2.1  1231029  0.0498  0.0734 0.1065 1.05264e-05  1.95934e-11
2.3  1120066  0.0532  0.0753 0.1043 5.56762e-06  3.41312e-11
2.5  839222  0.0577  0.0854 0.1096 7.57567e-07  7.21951e-11
2.7  326405  0.0487  0.0664 0.1197 3.76553e-07  2.94194e-10
