-1.3  5  0.4055  0.5741 0 0.000256028  3.06026e-09
-1.1  6386  0.3377  0.4676 0.4551 0.0509033  4.26608e-11
-0.9  25782  0.2216  0.3006 0.3684 0.0342221  1.36463e-11
-0.7  36694  0.1243  0.1552 0.2476 0.00358644  5.19909e-12
-0.5  85202  0.1041  0.1339 0.2599 0.00310958  3.33097e-12
-0.3  117284  0.0768  0.0974 0.2114 0.000323617  1.55066e-12
-0.1  192638  0.0671  0.0853 0.1812 8.36203e-05  9.85647e-13
0.1  240419  0.0609  0.0793 0.1756 4.61024e-05  1.08327e-12
0.3  316027  0.0572  0.0764 0.165 1.77531e-05  1.20936e-12
0.5  377001  0.056  0.077 0.1672 2.53639e-05  1.60701e-12
0.7  507562  0.0625  0.0912 0.1719 2.5075e-05  1.89194e-12
0.9  673407  0.0618  0.0917 0.1865 3.38527e-05  2.2867e-12
1.1  799303  0.0494  0.0718 0.1442 5.47457e-05  3.38745e-12
1.3  845186  0.048  0.07 0.1369 3.18798e-05  4.52298e-12
1.5  783424  0.0399  0.057 0.1199 6.85626e-06  7.73382e-12
1.7  626919  0.0386  0.0534 0.1012 6.26415e-06  1.53174e-11
1.9  508799  0.0391  0.0538 0.0935 1.03645e-08  2.99131e-11
2.1  328945  0.044  0.0583 0.092 7.26783e-09  7.33354e-11
2.3  134775  0.0582  0.0669 0.1186 1.22587e-09  2.83651e-10
2.5  4304  0.021  0.022 0.0571 0  1.40737e-08
