-1.3  1  0.4266  0.5941 0.5502 0.00105793  5.09507e-09
-1.1  1862  0.3303  0.455 0.4486 0.0102488  2.13911e-11
-0.9  14215  0.2274  0.2848 0.269 0.0188884  6.37114e-12
-0.7  24972  0.1399  0.1763 0.249 0.00394511  2.40086e-12
-0.5  85090  0.1165  0.1463 0.2012 0.00472647  1.22632e-12
-0.3  62530  0.0777  0.0972 0.1581 0.000176116  5.62631e-13
-0.1  191242  0.0641  0.0803 0.1762 0.000104444  2.34736e-13
0.1  211640  0.0565  0.072 0.1654 2.76329e-05  2.0439e-13
0.3  343388  0.0489  0.0619 0.1397 1.15262e-05  1.51744e-13
0.5  440295  0.0431  0.0549 0.1129 3.48632e-06  1.40064e-13
0.7  526126  0.0386  0.0495 0.0976 1.12675e-06  1.82513e-13
0.9  624720  0.0369  0.0476 0.0921 3.61458e-07  2.43632e-13
1.1  1010600  0.0386  0.0514 0.0891 7.96607e-06  2.94053e-13
1.3  1086280  0.0346  0.0459 0.0795 1.59951e-06  3.519e-13
1.5  1262410  0.0363  0.0492 0.0817 4.73462e-06  5.21356e-13
1.7  1244138  0.0381  0.0516 0.0852 3.69471e-06  7.94848e-13
1.9  1401660  0.0493  0.0745 0.1191 4.13676e-06  1.14537e-12
2.1  1170715  0.0498  0.0736 0.1064 4.34543e-06  2.196e-12
2.3  1092254  0.0511  0.0723 0.0972 4.10171e-06  3.68421e-12
2.5  839222  0.0577  0.0854 0.1096 7.57567e-07  7.21951e-12
2.7  326405  0.0487  0.0664 0.1197 3.76553e-07  2.94194e-11
