-1.7  99  0.3668  0.5044 0.5318 0.0121794  1.21063e-09
-1.5  3785  0.319  0.4412 0.4291 0.121969  1.40561e-10
-1.3  12954  0.2199  0.2954 0.3671 0.109302  6.17768e-11
-1.1  30639  0.1547  0.1926 0.2611 0.0526074  2.94683e-11
-0.9  69790  0.1398  0.1757 0.2474 0.0358054  1.72369e-11
-0.7  96869  0.1178  0.1512 0.2258 0.0109842  1.18831e-11
-0.5  98130  0.0828  0.1037 0.1692 0.00084091  7.71459e-12
-0.3  180915  0.0716  0.0896 0.1371 0.000745227  6.4272e-12
-0.1  300605  0.0625  0.0779 0.1168 0.000310973  5.06269e-12
0.1  511552  0.0595  0.0759 0.1143 0.000387738  4.90596e-12
0.3  691426  0.0519  0.0671 0.1072 0.0002365  5.52886e-12
0.5  870075  0.0495  0.066 0.2056 0.000317679  6.96316e-12
0.7  1097992  0.0474  0.0657 0.135 0.000321019  8.75741e-12
0.9  1249839  0.0478  0.0695 0.1654 0.000327293  1.22422e-11
1.1  1412026  0.0416  0.0593 0.2461 0.000181694  1.7082e-11
1.3  1339783  0.0357  0.0491 0.1336 4.20223e-05  2.85309e-11
1.5  1237190  0.0304  0.0418 0.1058 7.7124e-06  4.89632e-11
1.7  1180124  0.0281  0.0374 0.0934 1.55788e-06  8.13763e-11
1.9  1136909  0.0262  0.0352 0.0985 8.42504e-07  1.33846e-10
2.1  1106452  0.0247  0.0311 0.1026 1.72158e-06  2.18e-10
2.3  1082869  0.023  0.029 0.1026 3.21611e-08  3.52985e-10
