-1.3  7  0.4055  0.5741 0 0.00108174  1.6883e-08
-1.1  6408  0.3377  0.4676 0.4551 0.0513596  1.39305e-10
-0.9  25782  0.2216  0.3006 0.3684 0.0342221  4.57331e-11
-0.7  36694  0.1243  0.1552 0.2476 0.00358644  2.04558e-11
-0.5  100839  0.1182  0.1514 0.2201 0.0048299  1.31412e-11
-0.3  177750  0.0934  0.1211 0.2305 0.00145889  7.88811e-12
-0.1  245521  0.079  0.1041 0.2165 0.000370921  6.38901e-12
0.1  304915  0.0732  0.0997 0.2112 0.000275961  7.90997e-12
0.3  398850  0.0812  0.1192 0.2078 0.000274096  9.58685e-12
0.5  473541  0.0825  0.1254 0.2077 0.000298185  1.27936e-11
0.7  587127  0.0833  0.1308 0.2008 0.000201475  1.63557e-11
0.9  746004  0.0735  0.114 0.2012 0.000163635  2.04004e-11
1.1  875629  0.0594  0.0906 0.1658 0.00011826  2.75516e-11
1.3  845186  0.048  0.07 0.1369 3.18798e-05  4.52298e-11
1.5  783424  0.0399  0.057 0.1199 6.85626e-06  7.73382e-11
1.7  626919  0.0386  0.0534 0.1012 6.26415e-06  1.53174e-10
1.9  508799  0.0391  0.0538 0.0935 1.03645e-08  2.99131e-10
2.1  328945  0.044  0.0583 0.092 7.26783e-09  7.33354e-10
2.3  134775  0.0582  0.0669 0.1186 1.22587e-09  2.83651e-09
2.5  4304  0.021  0.022 0.0571 0  1.40737e-07
