-1.7  99  0.3668  0.5044 0.5318 0.0121794  3.38442e-10
-1.5  3785  0.319  0.4412 0.4291 0.121969  4.62876e-11
-1.3  12954  0.2199  0.2954 0.3671 0.109302  2.01308e-11
-1.1  30639  0.1547  0.1926 0.2611 0.0526074  9.04773e-12
-0.9  69790  0.1398  0.1757 0.2474 0.0358054  5.15735e-12
-0.7  70287  0.1039  0.13 0.1979 0.00491887  3.12928e-12
-0.5  98130  0.0828  0.1037 0.1692 0.00084091  1.66949e-12
-0.3  180915  0.0716  0.0896 0.1371 0.000745227  1.36915e-12
-0.1  300605  0.0625  0.0779 0.1168 0.000310973  9.45513e-13
0.1  367159  0.0502  0.0627 0.0927 0.000107124  8.76826e-13
0.3  543063  0.0452  0.0567 0.0862 7.10429e-05  8.41958e-13
0.5  708438  0.042  0.0537 0.0906 5.28042e-05  9.52187e-13
0.7  773740  0.0363  0.0465 0.0798 1.36472e-05  1.24117e-12
0.9  1094912  0.0402  0.0557 0.1038 6.18533e-05  1.60635e-12
1.1  1283084  0.0375  0.0513 0.0974 4.47069e-05  2.01596e-12
1.3  1338405  0.0357  0.0491 0.1199 3.07715e-05  2.85628e-12
1.5  1237190  0.0304  0.0418 0.1058 7.7124e-06  4.89632e-12
1.7  1180124  0.0281  0.0374 0.0934 1.55788e-06  8.13763e-12
1.9  1136909  0.0262  0.0352 0.0985 8.42504e-07  1.33846e-11
2.1  1106452  0.0247  0.0311 0.1026 1.72158e-06  2.18e-11
2.3  1082869  0.023  0.029 0.1026 3.21611e-08  3.52985e-11
