-1.3  5  0.4055  0.5741 0 0.000256028  7.53395e-10
-1.1  3534  0.3076  0.4211 0.4934 0.0179943  1.56996e-11
-0.9  13796  0.166  0.2096 0.3116 0.0114485  4.87549e-12
-0.7  21512  0.1144  0.1432 0.265 0.00116487  1.52701e-12
-0.5  85202  0.1041  0.1339 0.2599 0.00310958  9.88077e-13
-0.3  117284  0.0768  0.0974 0.2114 0.000323617  3.90381e-13
-0.1  192638  0.0671  0.0853 0.1812 8.36203e-05  2.13203e-13
0.1  240419  0.0609  0.0793 0.1756 4.61024e-05  2.15715e-13
0.3  235784  0.0485  0.062 0.1291 5.90419e-06  1.85295e-13
0.5  304494  0.0474  0.0621 0.1219 2.87358e-06  1.98993e-13
0.7  339911  0.0419  0.0554 0.1107 9.21403e-07  2.82483e-13
0.9  650870  0.0536  0.0782 0.1486 1.16735e-05  3.19855e-13
1.1  622079  0.0375  0.0506 0.0974 9.562e-07  3.87754e-13
1.3  686951  0.0387  0.0539 0.1025 9.48262e-07  5.56458e-13
1.5  780604  0.0399  0.057 0.1199 3.52135e-06  7.91647e-13
1.7  611190  0.0378  0.0517 0.0895 7.99915e-07  1.57118e-12
1.9  508799  0.0391  0.0538 0.0935 1.03645e-08  2.99131e-12
2.1  328945  0.044  0.0583 0.092 7.26783e-09  7.33354e-12
2.3  134775  0.0582  0.0669 0.1186 1.22587e-09  2.83651e-11
2.5  4304  0.021  0.022 0.0571 0  1.40737e-09
