-1.3  1  0.4266  0.5941 0.5502 0.00105793  8.25837e-08
-1.1  3687  0.364  0.5043 0.4317 0.0376142  2.10372e-10
-0.9  16242  0.2442  0.3322 0.3532 0.0242488  6.2391e-11
-0.7  55385  0.174  0.2225 0.2489 0.0220989  2.78548e-11
-0.5  108056  0.1292  0.1644 0.224 0.00853161  1.52545e-11
-0.3  192423  0.0896  0.1143 0.2136 0.00284443  9.03913e-12
-0.1  256447  0.0733  0.0937 0.1933 0.000464282  6.41732e-12
0.1  437090  0.0683  0.0893 0.1559 0.000385873  5.73378e-12
0.3  574907  0.0654  0.0886 0.1579 0.000334055  6.71015e-12
0.5  700986  0.0612  0.0854 0.1566 0.000178549  8.64227e-12
0.7  936105  0.065  0.0953 0.1774 0.00034408  1.04155e-11
0.9  1131978  0.0563  0.0813 0.1833 0.000316071  1.34452e-11
1.1  1513943  0.0617  0.0944 0.215 0.000250211  1.59317e-11
1.3  1606559  0.05  0.0746 0.1643 0.00020629  2.37917e-11
1.5  1774738  0.0648  0.1092 0.2637 0.000312386  3.41429e-11
1.7  1566907  0.0556  0.087 0.1697 5.76176e-05  6.12938e-11
1.9  1432809  0.0499  0.0758 0.1316 1.44109e-05  1.06248e-10
2.1  1231029  0.0498  0.0734 0.1065 1.05264e-05  1.95934e-10
2.3  1120066  0.0532  0.0753 0.1043 5.56762e-06  3.41312e-10
2.5  839222  0.0577  0.0854 0.1096 7.57567e-07  7.21951e-10
2.7  326405  0.0487  0.0664 0.1197 3.76553e-07  2.94194e-09
